1.080000000000000000e+02 1.997469467528723897e+00 -3.580518918577377807e+00
1.590000000000000000e+02 -3.530914407441362979e+00 -4.726800550829599601e+00
1.430000000000000000e+02 -2.034764234796717641e+00 -2.723918961495023439e+00
2.010000000000000000e+02 -1.463443969192856020e+00 3.291378875685070926e-01
1.020000000000000000e+02 -7.779980897752155622e-01 -1.041498426453979720e+00
1.120000000000000000e+02 1.023094117514712353e+00 -1.833924324149388774e+00
1.560000000000000000e+02 -5.513871591515405735e-01 -4.312449428373550941e-01
1.330000000000000000e+02 -1.561006900472379888e+00 3.510804134064076099e-01
1.520000000000000000e+02 -1.268318106633808506e+00 2.852528358927061691e-01
9.800000000000000000e+01 -3.560644332076827734e-01 1.764431386992560746e+00
1.190000000000000000e+02 -1.756132763031427180e+00 3.949654650822085333e-01
2.020000000000000000e+02 -1.853695694310950826e+00 4.169079909201089396e-01
2.030000000000000000e+02 -1.798237463966366301e+00 -7.963682055312773511e-02
9.900000000000000000e+01 2.559393071644512574e+00 -4.577194608251496932e-01
1.050000000000000000e+02 -3.956271480085364334e-01 1.960479318880623101e+00
1.000000000000000000e+02 -2.274148262419860789e+00 -3.044380015788555660e+00
1.060000000000000000e+02 -8.378440966810012380e-01 -1.121613690027362553e+00
1.040000000000000000e+02 -9.990208133146479819e-01 -4.424267808507096472e-02
9.300000000000000000e+01 3.799915218517799231e-01 -4.643344089347334336e-01
9.000000000000000000e+01 -2.571576462055487067e-01 1.274311557272405082e+00
1.210000000000000000e+02 -2.439073281988093367e+00 5.485631459475117655e-01
1.140000000000000000e+02 -4.351898628093900934e-01 2.156527250768685455e+00
2.110000000000000000e+02 4.384689075063052943e-01 -7.859675674925952205e-01
2.170000000000000000e+02 -5.984600690578580906e-01 -8.011526357338304427e-01
9.500000000000000000e+01 6.820627450098082356e-01 -1.222616216099592368e+00
1.010000000000000000e+02 -1.316612151927287977e+00 -1.762535798614427218e+00
2.160000000000000000e+02 -2.992300345289290453e-01 -4.005763178669152214e-01
2.120000000000000000e+02 -9.990208133146479819e-01 -4.424267808507096472e-02
2.260000000000000000e+02 3.614824579278879679e-01 -1.455792029312708014e+00
2.210000000000000000e+02 -2.333994269325646354e+00 -3.124495279361938493e+00
1.310000000000000000e+02 9.256565825133111769e-01 -1.659264864706589737e+00
1.350000000000000000e+02 -2.274148262419860789e+00 -3.044380015788555660e+00
1.270000000000000000e+02 -1.077228124304144607e+00 -1.442074744320894775e+00
2.380000000000000000e+02 -1.496150172644645338e+00 -2.002881589334576162e+00
2.350000000000000000e+02 -1.792294464516680508e-01 -3.575986654402231735e-01
2.360000000000000000e+02 -8.378440966810012380e-01 -1.121613690027362553e+00
1.290000000000000000e+02 1.399999999999999911e+00 0.000000000000000000e+00
2.320000000000000000e+02 -1.017382117398358821e+00 -1.361959480747511719e+00
1.720000000000000000e+02 7.307815125105088239e-01 -1.309945945820991886e+00
2.510000000000000000e+02 6.754762199444792614e-01 -1.836623975927501318e-01
1.400000000000000000e+02 -1.890470259948139109e+00 -1.478554089728074672e+00
2.470000000000000000e+02 2.168894747567327863e-01 -8.734752175876248081e-01
2.430000000000000000e+02 -0.000000000000000000e+00 -0.000000000000000000e+00
2.540000000000000000e+02 1.071812885015412942e+00 -1.921254053870788292e+00
2.440000000000000000e+02 -1.496622289125610017e+00 -1.170521987701392375e+00
2.480000000000000000e+02 8.866468843208197281e-01 1.083446954181044752e+00
1.460000000000000000e+02 -5.736593646123777646e-01 2.842695012376903474e+00
2.450000000000000000e+02 5.000000000000000000e-01 0.000000000000000000e+00
2.590000000000000000e+02 -9.452351299740695545e-01 -7.392770448640373360e-01
2.620000000000000000e+02 -2.536636213267617013e+00 5.705056717854123383e-01
2.660000000000000000e+02 -4.480736161291701269e-02 -8.939966636005579337e-02
1.650000000000000000e+02 3.051584046960765129e+00 -5.457424340607553992e-01
2.580000000000000000e+02 7.795002800112094121e-01 -1.397275675542391404e+00
1.740000000000000000e+02 5.542731021560948212e-01 -2.232214444946152287e+00
1.680000000000000000e+02 2.630813445037831766e+00 -4.715805404955570879e+00
2.520000000000000000e+02 3.264656494507136020e-01 -7.303562005821021552e-01
1.700000000000000000e+02 -1.555996179550431124e+00 -2.082996852907959440e+00
2.600000000000000000e+02 3.373836273993620627e-01 -1.358739227358527479e+00
1.750000000000000000e+02 7.678179214933537722e+00 -1.373158382475448969e+00
2.680000000000000000e+02 -1.200488510974071499e+00 -1.341203688862828036e+00
2.610000000000000000e+02 3.410313725049041178e-01 -6.113081080497961839e-01
1.690000000000000000e+02 3.445336827213766995e+00 -6.161608126492399418e-01
2.790000000000000000e+02 1.315406722518915883e+00 -2.357902702477785439e+00
2.730000000000000000e+02 4.819766105705172721e-01 -1.941056039083610685e+00
2.710000000000000000e+02 1.181258340759005820e+00 -2.112551357654536832e-01
1.370000000000000000e+02 -1.077228124304144607e+00 -1.442074744320894775e+00
1.360000000000000000e+02 1.656438095023820001e+00 -2.969210810527581845e+00
2.770000000000000000e+02 2.786604493579719399e+00 -3.405118998854712142e+00
2.720000000000000000e+02 2.046188235029424707e+00 -3.667848648298777547e+00
2.810000000000000000e+02 1.120531652516113530e+00 -2.008583783592187366e+00
1.150000000000000000e+02 4.686562102838618848e+00 -5.726791043528379532e+00
1.300000000000000000e+02 -6.583060759636439885e-01 -8.812678993072136091e-01
2.780000000000000000e+02 3.132847968708362130e-01 -1.261686425404346945e+00
2.760000000000000000e+02 -1.376458158833073542e+00 -1.842651062187809829e+00
1.380000000000000000e+02 3.543775022277017683e+00 -6.337654072963611052e-01
2.940000000000000000e+02 -6.923475090149388000e-01 3.430838808041090537e+00
2.840000000000000000e+02 -7.912542960170728668e-01 3.920958637761246202e+00
2.530000000000000000e+02 1.461563025021017648e+00 -2.619891891641983772e+00
2.950000000000000000e+02 -1.561006900472379888e+00 3.510804134064076099e-01
2.850000000000000000e+02 -2.146384488149522429e+00 4.827355684338104358e-01
2.550000000000000000e+02 5.846252100084070591e-01 -1.047956756656793553e+00
2.890000000000000000e+02 1.802594397525921766e+00 -3.231199999691780178e+00
2.570000000000000000e+02 -1.658569831751903534e+00 3.730229392443080161e-01
2.630000000000000000e+02 -1.496150172644645338e+00 -2.002881589334576162e+00
1.920000000000000000e+02 -2.688441696775020762e-01 5.363979981603347325e-01
1.550000000000000000e+02 -7.779980897752155622e-01 -1.041498426453979720e+00
1.620000000000000000e+02 -3.956271480085364334e-01 1.960479318880623101e+00
2.640000000000000000e+02 -1.008849227421767747e+00 4.999222263145588485e+00
2.850000000000000000e+02 -2.146384488149522429e+00 4.827355684338104358e-01
1.850000000000000000e+02 2.460954876581262329e+00 -4.401148661780285298e-01
1.880000000000000000e+02 8.769378150126105886e-01 -1.571935134985190441e+00
1.840000000000000000e+02 -3.219576732224282978e+00 7.241033526507155704e-01
