1.080000000000000000e+02 -2.373762888051218489e-01 1.176287591328373905e+00
1.590000000000000000e+02 -6.634279327007614135e+00 1.492091756977232064e+00
1.430000000000000000e+02 6.747672547987241254e-01 -2.717478454717054959e+00
2.010000000000000000e+02 -1.675688193362002476e+00 -2.243227380054725106e+00
1.020000000000000000e+02 1.108546204312189642e+00 -4.464428889892304575e+00
1.120000000000000000e+02 -1.555996179550431124e+00 -2.082996852907959440e+00
1.560000000000000000e+02 -1.898139545297831132e+00 -8.406108836163482534e-02
1.330000000000000000e+02 -4.351898628093900934e-01 2.156527250768685455e+00
1.520000000000000000e+02 -1.024004724138575462e+00 -8.008834652693738176e-01
9.800000000000000000e+01 -5.340966498115242711e-01 2.646647080488841564e+00
1.190000000000000000e+02 -4.480736161291701269e-02 -8.939966636005579337e-02
2.020000000000000000e+02 -3.590760414347148322e-01 -4.806915814402982212e-01
2.030000000000000000e+02 5.699872827776698569e-01 -6.965016134021001504e-01
9.900000000000000000e+01 -3.560644332076827734e-01 1.764431386992560746e+00
1.050000000000000000e+02 -3.996083253258591927e+00 -1.769707123402838589e-01
1.000000000000000000e+02 -6.104292704390152480e+00 -8.171756884485070316e+00
1.060000000000000000e+02 4.337789495134655726e-01 -1.746950435175249616e+00
1.040000000000000000e+02 2.219421865531860494e+00 -6.034621635190361433e-01
9.300000000000000000e+01 -1.075376678710008305e+00 2.145591992641338930e+00
9.000000000000000000e+01 -2.154456248608289215e+00 -2.884149488641789549e+00
1.210000000000000000e+02 -1.436304165738859329e+00 -1.922766325761192885e+00
1.140000000000000000e+02 4.384689075063052943e-01 -7.859675674925952205e-01
2.110000000000000000e+02 -2.419597527097518963e+00 4.827581983443012703e+00
2.170000000000000000e+02 3.926579059135059335e+00 -4.798122225658912221e+00
9.500000000000000000e+01 -5.736593646123777646e-01 2.842695012376903474e+00
1.010000000000000000e+02 2.026621449876159442e+00 2.476450180985245275e+00
2.160000000000000000e+02 -3.024450869665235686e+00 6.802183009749146470e-01
2.120000000000000000e+02 -1.555996179550431124e+00 -2.082996852907959440e+00
2.260000000000000000e+02 -4.154085054089632911e-01 2.058503284824654500e+00
2.210000000000000000e+02 -7.779980897752155622e-01 -1.041498426453979720e+00
1.310000000000000000e+02 -2.341510350708569721e+00 5.266206201096113038e-01
1.350000000000000000e+02 -3.111992359100862249e+00 -4.165993705815918879e+00
1.270000000000000000e+02 -2.175949314046950467e-01 1.078263625384342728e+00
2.380000000000000000e+02 -8.670194801479405022e-01 -9.686471086231535077e-01
2.350000000000000000e+02 -4.495593659915916085e+00 -1.990920513828193517e-01
2.360000000000000000e+02 -1.398629138640507197e+00 -6.193974931909934645e-02
1.290000000000000000e+02 1.656438095023820001e+00 -2.969210810527581845e+00
2.320000000000000000e+02 8.859437555692544208e-01 -1.584413518240902763e-01
1.720000000000000000e+02 -3.796279090595662264e+00 -1.681221767232696507e-01
2.510000000000000000e+02 1.393302246789859700e+00 1.702559499427356071e+00
1.400000000000000000e+02 1.139974565555339714e+00 1.393003226804200301e+00
2.470000000000000000e+02 -7.992166506517184299e-01 -3.539414246805677039e-02
2.430000000000000000e+02 -2.195560719032933594e+00 4.380583651642734111e+00
2.540000000000000000e+02 -4.787680552462865169e-01 -6.409221085870644430e-01
2.440000000000000000e+02 -1.344220848387510436e+00 2.681989990801673329e+00
2.480000000000000000e+02 1.899957609258899449e+00 2.321672044673667390e+00
1.460000000000000000e+02 1.350952439888958523e+00 -3.673247951855002635e-01
2.450000000000000000e+02 -5.934407220128046223e-01 2.940718978320934873e+00
2.590000000000000000e+02 5.713148865387487341e-01 -1.278123351018678688e+00
2.620000000000000000e+02 4.384689075063052943e-01 -7.859675674925952205e-01
2.660000000000000000e+02 -3.165017184068291689e-01 1.568383455104498614e+00
1.650000000000000000e+02 -4.000080182460473033e+00 8.996435593539192643e-01
2.580000000000000000e+02 -2.967203610064023112e-01 1.470359489160467437e+00
1.740000000000000000e+02 1.968763901265009775e+00 -3.520918929424228239e-01
1.680000000000000000e+02 2.338500840033628236e+00 -4.191827026627174213e+00
2.520000000000000000e+02 -2.997062439943944057e+00 -1.327280342552129011e-01
1.700000000000000000e+02 -1.915072220985146068e+00 -2.563688434348257772e+00
2.600000000000000000e+02 -2.992300345289290453e-01 -4.005763178669152214e-01
1.750000000000000000e+02 3.556470027551142721e+00 -6.375070269662161060e+00
2.680000000000000000e+02 -5.736593646123777646e-01 2.842695012376903474e+00
2.610000000000000000e+02 -0.000000000000000000e+00 -0.000000000000000000e+00
1.690000000000000000e+02 -5.365961220373804963e+00 1.206838921084526062e+00
2.790000000000000000e+02 4.896984741760703197e-01 -1.095534300873153066e+00
2.730000000000000000e+02 4.080820618133919608e-01 9.129452507276276663e-01
2.710000000000000000e+02 -9.990208133146479819e-01 -4.424267808507096472e-02
1.370000000000000000e+02 -1.675688193362002476e+00 -2.243227380054725106e+00
1.360000000000000000e+02 -1.186881444025609245e-01 5.881437956641869524e-01
2.770000000000000000e+02 -1.974918227890931632e+00 -2.643803697921640161e+00
2.720000000000000000e+02 1.203306485863969710e+00 1.470392294959989243e+00
2.810000000000000000e+02 1.500000000000000000e+00 0.000000000000000000e+00
1.150000000000000000e+02 -9.890306051815015209e+00 -4.380025130422025570e-01
1.300000000000000000e+02 -3.296768683938338107e+00 -1.460008376807341857e-01
2.780000000000000000e+02 -1.344220848387510381e-01 -2.681989990801673662e-01
2.760000000000000000e+02 2.040410309066959804e-01 -4.564726253638138331e-01
1.380000000000000000e+02 -4.292768976299044859e+00 9.654711368676208716e-01
2.940000000000000000e+02 -3.707391388621901651e+00 8.338159818402178791e-01
2.840000000000000000e+02 1.640442248436592587e+00 -4.460372512966788716e-01
2.530000000000000000e+02 -4.189220483405006190e-01 -5.608068450136812766e-01
2.950000000000000000e+02 -3.122013800944759776e+00 7.021608268128152197e-01
2.850000000000000000e+02 -2.397649951955155068e+00 -1.061824274041703181e-01
2.550000000000000000e+02 1.445929831711551816e-01 -5.823168117250832054e-01
2.890000000000000000e+02 2.362516681518011641e+00 -4.225102715309073664e-01
2.570000000000000000e+02 -2.571576462055487067e-01 1.274311557272405082e+00
2.630000000000000000e+02 -1.170755175354284860e+00 2.633103100548056519e-01
1.920000000000000000e+02 3.672738556320527814e-01 8.216507256548649663e-01
1.550000000000000000e+02 1.673449316075258375e+00 -2.992781090010593892e-01
1.620000000000000000e+02 -2.897160358612479225e+00 -1.283037664467057970e-01
2.640000000000000000e+02 -1.417852694961104332e+00 -1.108915567296056004e+00
2.850000000000000000e+02 -2.397649951955155068e+00 -1.061824274041703181e-01
1.850000000000000000e+02 9.880520516695603384e-01 -3.979164880121401460e+00
1.880000000000000000e+02 -5.335504493218095057e-01 -5.960905283834790902e-01
1.840000000000000000e+02 -2.926887938385712040e+00 6.582757751370141852e-01
