1.080000000000000000e+02 -2.453686283137217927e+00 -3.284725806508704604e+00
1.590000000000000000e+02 -6.593537367876676214e+00 -2.920016753614683713e-01
1.430000000000000000e+02 -3.702170925731772755e+00 -2.895501759050813195e+00
2.010000000000000000e+02 -2.154456248608289215e+00 -2.884149488641789549e+00
1.020000000000000000e+02 1.108546204312189642e+00 -4.464428889892304575e+00
1.120000000000000000e+02 2.143625770030825883e+00 -3.842508107741576584e+00
1.560000000000000000e+02 -2.536636213267617013e+00 5.705056717854123383e-01
1.330000000000000000e+02 -4.995104066573239798e+00 -2.212133904253548167e-01
1.520000000000000000e+02 -4.390331907578568504e+00 9.874136627055212223e-01
9.800000000000000000e+01 2.241063305032227060e+00 -4.017167567184374732e+00
1.190000000000000000e+02 -2.393840276231432362e+00 -3.204610542935321771e+00
2.020000000000000000e+02 -3.623401331567266404e+00 -2.833895338645476603e+00
2.030000000000000000e+02 -2.393840276231432362e+00 -3.204610542935321771e+00
9.900000000000000000e+01 -3.072014172415725941e+00 -2.402650395808121342e+00
1.050000000000000000e+02 -1.344220848387510436e+00 2.681989990801673329e+00
1.000000000000000000e+02 -4.787680552462864725e+00 -6.409221085870643542e+00
1.060000000000000000e+02 -4.468485013070154999e+00 -4.992258175211637727e+00
1.040000000000000000e+02 -5.513871591515405512e+00 -4.312449428373551719e+00
9.300000000000000000e+01 -4.585457770137615796e+00 1.031298714381322368e+00
9.000000000000000000e+01 2.799999999999999822e+00 0.000000000000000000e+00
1.210000000000000000e+02 -3.804954319901425741e+00 8.557585076781184519e-01
1.140000000000000000e+02 -5.736593646123777646e-01 2.842695012376903474e+00
2.110000000000000000e+02 3.293259856048759371e+00 4.024231544101023239e+00
2.170000000000000000e+02 1.020205154533479819e+00 2.282363126819069166e+00
9.500000000000000000e+01 1.753875630025221177e+00 -3.143870269970380882e+00
1.010000000000000000e+02 -1.974918227890931632e+00 -2.643803697921640161e+00
2.160000000000000000e+02 -3.414702594783330714e+00 7.679884043265166049e-01
2.120000000000000000e+02 -7.714729386166460090e-01 3.822934671817214802e+00
2.260000000000000000e+02 -3.596474927932732601e+00 -1.592736411062554702e-01
2.210000000000000000e+02 -4.975709495255710380e+00 1.119068817732923993e+00
1.310000000000000000e+02 -4.351898628093900934e-01 2.156527250768685455e+00
1.350000000000000000e+02 -6.146464670609995018e+00 1.382379127787729756e+00
1.270000000000000000e+02 -1.496150172644645338e+00 -2.002881589334576162e+00
2.380000000000000000e+02 -6.527847942140850845e-01 3.234790876153027739e+00
2.350000000000000000e+02 -2.497552033286619899e+00 -1.106066952126774083e-01
2.360000000000000000e+02 -2.997062439943944057e+00 -1.327280342552129011e-01
1.290000000000000000e+02 7.711625769128276353e-01 -3.105689662533777096e+00
2.320000000000000000e+02 -2.453686283137217927e+00 -3.284725806508704604e+00
1.720000000000000000e+02 -2.094610241702503206e+00 -2.804034225068406716e+00
2.510000000000000000e+02 -2.634199144547141103e+00 5.924481976233128000e-01
1.400000000000000000e+02 1.851313165026622354e+00 -3.318529729413179474e+00
2.470000000000000000e+02 -1.881909187742514700e+00 3.754785987122343016e+00
2.430000000000000000e+02 -1.853695694310950826e+00 4.169079909201089396e-01
2.540000000000000000e+02 -1.795380207173574272e+00 -2.403457907201491217e+00
2.440000000000000000e+02 6.966511233949298498e-01 -8.512797497136780356e-01
2.480000000000000000e+02 -2.633224303854575954e+00 -3.525071597228854436e+00
1.460000000000000000e+02 -5.340966498115242711e-01 2.646647080488841564e+00
2.450000000000000000e+02 1.802594397525921766e+00 -3.231199999691780178e+00
2.590000000000000000e+02 -3.171838366006647814e+00 -4.246108969389300825e+00
2.620000000000000000e+02 -2.752916317666147084e+00 -3.685302124375619659e+00
2.660000000000000000e+02 -1.436304165738859329e+00 -1.922766325761192885e+00
1.650000000000000000e+02 -3.938479708225290032e+00 -3.080321020266822529e+00
2.580000000000000000e+02 -3.710452428158720117e+00 -4.967146341549748989e+00
1.740000000000000000e+02 1.036249712726612149e+00 -4.173270484029762528e+00
1.680000000000000000e+02 -1.404476375430304236e+00 6.959701582026212030e+00
2.520000000000000000e+02 -1.675688193362002476e+00 -2.243227380054725106e+00
1.700000000000000000e+02 2.923126050042035295e+00 -5.239783783283967544e+00
2.600000000000000000e+02 -3.171838366006647814e+00 -4.246108969389300825e+00
1.750000000000000000e+02 -5.435101997350900049e+00 -4.250843007968215126e+00
2.680000000000000000e+02 1.559000560022418824e+00 -2.794551351084782809e+00
2.610000000000000000e+02 -4.585457770137615796e+00 1.031298714381322368e+00
1.690000000000000000e+02 -2.126779042441656831e+00 -1.663373350944084228e+00
2.790000000000000000e+02 -1.675688193362002476e+00 -2.243227380054725106e+00
2.730000000000000000e+02 1.315406722518915883e+00 -2.357902702477785439e+00
2.710000000000000000e+02 -4.295789497252986422e+00 -1.902435157658051434e-01
1.370000000000000000e+02 -1.735534200267788485e+00 -2.323342643628108384e+00
1.360000000000000000e+02 -2.453686283137217927e+00 -3.284725806508704604e+00
2.770000000000000000e+02 -3.231684372912433822e+00 -4.326224232962684546e+00
2.720000000000000000e+02 -3.859710114060784125e+00 -3.018714599861486381e+00
2.810000000000000000e+02 -3.702170925731772755e+00 -2.895501759050813195e+00
1.150000000000000000e+02 -1.819884880839267360e+00 9.018204866850865642e+00
1.300000000000000000e+02 -1.147318729224755529e+00 5.685390024753806948e+00
2.780000000000000000e+02 -3.052146352195076240e+00 -4.085878442242535158e+00
2.760000000000000000e+02 -4.780583632696663088e+00 1.075183766057123291e+00
1.380000000000000000e+02 -2.752916317666147084e+00 -3.685302124375619659e+00
2.940000000000000000e+02 -1.837101826129597271e+00 3.665386320762286765e+00
2.840000000000000000e+02 -6.132220794132314801e-01 3.038742944264965828e+00
2.530000000000000000e+02 1.607719327523119413e+00 -2.881881080806182105e+00
2.950000000000000000e+02 -2.731762075826664304e+00 6.143907234612131507e-01
2.850000000000000000e+02 -3.219576732224282978e+00 7.241033526507155704e-01
2.550000000000000000e+02 -1.398629138640507197e+00 -6.193974931909934645e-02
2.890000000000000000e+02 6.595359069237782812e+00 -1.179507841357116504e+00
2.570000000000000000e+02 -8.901610830192069335e-01 4.411078467481401866e+00
2.630000000000000000e+02 -3.317139663503807068e+00 7.460458784886160322e-01
1.920000000000000000e+02 -3.609828457342378449e+00 8.118734560023175284e-01
1.550000000000000000e+02 1.713944659616246202e+00 3.834370053056036287e+00
1.620000000000000000e+02 -8.703797256187801867e-01 4.313054501537370911e+00
2.640000000000000000e+02 -5.853775876771424080e+00 1.316551550274028370e+00
2.850000000000000000e+02 -3.219576732224282978e+00 7.241033526507155704e-01
1.850000000000000000e+02 1.180842695897767358e+00 -4.755587295754846622e+00
1.880000000000000000e+02 -2.597454114618084731e+00 -1.150309630211845124e-01
1.840000000000000000e+02 -3.052146352195076240e+00 -4.085878442242535158e+00
