1.080000000000000000e+02 -1.561006900472379888e+00 3.510804134064076099e-01
1.590000000000000000e+02 -4.683020701417139442e+00 1.053241240219222608e+00
1.430000000000000000e+02 7.307815125105088239e-01 -1.309945945820991886e+00
2.010000000000000000e+02 -2.731762075826664304e+00 6.143907234612131507e-01
1.020000000000000000e+02 1.783313459110914101e+00 -7.181907344609359534e+00
1.120000000000000000e+02 -2.274148262419860789e+00 -3.044380015788555660e+00
1.560000000000000000e+02 -2.797258277281014394e+00 -1.238794986381986929e-01
1.330000000000000000e+02 -2.397649951955155068e+00 -1.061824274041703181e-01
1.520000000000000000e+02 -8.378440966810012380e-01 -1.121613690027362553e+00
9.800000000000000000e+01 -3.122013800944759776e+00 7.021608268128152197e-01
1.190000000000000000e+02 -2.439073281988093367e+00 5.485631459475117655e-01
2.020000000000000000e+02 -2.175949314046950467e-01 1.078263625384342728e+00
2.030000000000000000e+02 2.448492370880351598e-01 -5.477671504365765331e-01
9.900000000000000000e+01 -1.555996179550431124e+00 -2.082996852907959440e+00
1.050000000000000000e+02 -5.095006147904704186e+00 -2.256376582338618930e-01
1.000000000000000000e+02 -4.787680552462864725e+00 -6.409221085870643542e+00
1.060000000000000000e+02 4.578777800419913668e-01 -1.844003237129430151e+00
1.040000000000000000e+02 9.385887421708014600e-01 2.099774076673543544e+00
9.300000000000000000e+01 -1.164991401935842275e+00 2.324391325361450544e+00
9.000000000000000000e+01 -2.932454338383504666e+00 -3.925647915095769491e+00
1.210000000000000000e+02 -1.615842186456216911e+00 -2.163112116481342273e+00
1.140000000000000000e+02 1.927906442282069088e-01 -7.764224156334442739e-01
2.110000000000000000e+02 2.533276812345199414e+00 3.095562726231556372e+00
2.170000000000000000e+02 3.799915218517798898e+00 -4.643344089347334780e+00
9.500000000000000000e+01 -1.798237463966366301e+00 -7.963682055312773511e-02
1.010000000000000000e+02 -2.016331272581265655e+00 4.022984986202509994e+00
2.160000000000000000e+02 -3.512265526062854359e+00 7.899309301644170667e-01
2.120000000000000000e+02 6.820627450098082356e-01 -1.222616216099592368e+00
2.260000000000000000e+02 -3.362830758072559711e-01 1.666407421048529569e+00
2.210000000000000000e+02 -1.756132763031427180e+00 3.949654650822085333e-01
1.310000000000000000e+02 -1.365881037913332152e+00 3.071953617306065754e-01
1.350000000000000000e+02 2.435938375035029413e+00 -4.366486486069972806e+00
1.270000000000000000e+02 -8.961472322583402539e-02 -1.787993327201115867e-01
2.380000000000000000e+02 -1.555996179550431124e+00 -2.082996852907959440e+00
2.350000000000000000e+02 -3.996083253258591927e+00 -1.769707123402838589e-01
2.360000000000000000e+02 5.066553624690398605e-01 6.191125452463113188e-01
1.290000000000000000e+02 1.364125490019616471e+00 -2.445232432199184736e+00
2.320000000000000000e+02 -2.967203610064023112e-01 1.470359489160467437e+00
1.720000000000000000e+02 -7.912542960170728668e-01 3.920958637761246202e+00
2.510000000000000000e+02 -1.120184040322925290e+00 2.234991659001394737e+00
1.400000000000000000e+02 -8.505983682183533290e-01 4.215030535593339067e+00
2.470000000000000000e+02 5.789796170952680177e-01 -1.574249122223572439e-01
2.430000000000000000e+02 -2.374790165484601534e+00 4.738182317082956452e+00
2.540000000000000000e+02 5.699872827776698569e-01 6.965016134021001504e-01
2.440000000000000000e+02 -1.657872379677929553e+00 3.307787655322064424e+00
2.480000000000000000e+02 2.786604493579719399e+00 3.405118998854712142e+00
1.460000000000000000e+02 8.866468843208197281e-01 1.083446954181044752e+00
2.450000000000000000e+02 -7.319102238157924045e-01 3.626886739929152892e+00
2.590000000000000000e+02 6.754762199444792614e-01 -1.836623975927501318e-01
2.620000000000000000e+02 -7.181520828694296643e-01 -9.613831628805964424e-01
2.660000000000000000e+02 -2.243947419429045631e+00 5.046780942717108420e-01
1.650000000000000000e+02 -3.414702594783330714e+00 7.679884043265166049e-01
2.580000000000000000e+02 1.266687955018215295e+00 -2.270572972756386143e+00
1.740000000000000000e+02 5.783719326846207265e-01 -2.329267246900332822e+00
1.680000000000000000e+02 2.435938375035029413e+00 -4.366486486069972806e+00
2.520000000000000000e+02 -6.330034368136583378e-01 3.136766910208997228e+00
1.700000000000000000e+02 2.192344537531526250e+00 -3.929837837462975880e+00
2.600000000000000000e+02 -1.792294464516680508e-01 -3.575986654402231735e-01
1.750000000000000000e+02 -4.647406055705841865e+00 -3.634778803914850531e+00
2.680000000000000000e+02 -2.341510350708569721e+00 5.266206201096113038e-01
2.610000000000000000e+02 -0.000000000000000000e+00 -0.000000000000000000e+00
1.690000000000000000e+02 -2.393840276231432362e+00 -3.204610542935321771e+00
2.790000000000000000e+02 5.305066803574095546e-01 -1.186828825945916099e+00
2.730000000000000000e+02 8.282190475119100004e-01 -1.484605405263790923e+00
2.710000000000000000e+02 1.082820145695755354e+00 -1.936505411183325753e-01
1.370000000000000000e+02 -1.436304165738859329e+00 -1.922766325761192885e+00
1.360000000000000000e+02 -1.376458158833073542e+00 -1.842651062187809829e+00
2.770000000000000000e+02 -2.453686283137217927e+00 -3.284725806508704604e+00
2.720000000000000000e+02 4.578777800419913668e-01 -1.844003237129430151e+00
2.810000000000000000e+02 -2.439073281988093367e+00 5.485631459475117655e-01
1.150000000000000000e+02 -1.661634021635853165e+00 8.234013139298618000e+00
1.300000000000000000e+02 -9.297237978200606490e-01 4.607126399369464664e+00
2.780000000000000000e+02 1.445929831711551816e-01 -5.823168117250832054e-01
2.760000000000000000e+02 -2.932454338383504666e+00 -3.925647915095769491e+00
1.380000000000000000e+02 -2.997062439943944057e+00 -1.327280342552129011e-01
2.940000000000000000e+02 -7.516915812162191513e-01 3.724910705873183847e+00
2.840000000000000000e+02 -5.386140621520723037e-01 -7.210373721604473873e-01
2.530000000000000000e+02 -8.976901035867871359e-01 -1.201728953600745609e+00
2.950000000000000000e+02 -2.154456248608289215e+00 -2.884149488641789549e+00
2.850000000000000000e+02 -2.341510350708569721e+00 5.266206201096113038e-01
2.550000000000000000e+02 -4.032662545162531420e-01 8.045969972405020432e-01
2.890000000000000000e+02 -2.067507991122012001e+00 -2.309850797485981655e+00
2.570000000000000000e+02 -6.330034368136583378e-01 3.136766910208997228e+00
2.630000000000000000e+02 -1.798237463966366301e+00 -7.963682055312773511e-02
1.920000000000000000e+02 -3.136515312904190611e-01 6.257976645203904287e-01
1.550000000000000000e+02 8.161641236267839217e-01 1.825890501455255333e+00
1.620000000000000000e+02 -1.837101826129597271e+00 3.665386320762286765e+00
2.640000000000000000e+02 1.461563025021017648e+00 -2.619891891641983772e+00
2.850000000000000000e+02 -2.341510350708569721e+00 5.266206201096113038e-01
1.850000000000000000e+02 4.134404192656520927e+00 -7.393929751790879745e-01
1.880000000000000000e+02 1.393302246789859700e+00 1.702559499427356071e+00
1.840000000000000000e+02 -3.609828457342378449e+00 8.118734560023175284e-01
