1.080000000000000000e+02 -1.555996179550431124e+00 -2.082996852907959440e+00
1.590000000000000000e+02 -3.590760414347148544e+00 -4.806915814402982434e+00
1.430000000000000000e+02 -2.693070310760361519e+00 -3.605186860802236826e+00
2.010000000000000000e+02 -3.804954319901425741e+00 8.557585076781184519e-01
1.020000000000000000e+02 1.753875630025221177e+00 -3.143870269970380882e+00
1.120000000000000000e+02 -3.411222393629791405e+00 -4.566570023682833934e+00
1.560000000000000000e+02 9.256565825133111769e-01 -1.659264864706589737e+00
1.330000000000000000e+02 -2.597454114618084731e+00 -1.150309630211845124e-01
1.520000000000000000e+02 3.373836273993620627e-01 -1.358739227358527479e+00
9.800000000000000000e+01 2.533375910036430589e+00 -4.541145945512772286e+00
1.190000000000000000e+02 -1.974918227890931632e+00 -2.643803697921640161e+00
2.020000000000000000e+02 1.705156862524520589e+00 -3.056540540248981142e+00
2.030000000000000000e+02 -4.000080182460473033e+00 8.996435593539192643e-01
9.900000000000000000e+01 3.740651412403518616e+00 -6.689745965906033209e-01
1.050000000000000000e+02 6.937395050827662724e-01 -1.552006926236966899e+00
1.000000000000000000e+02 -3.770298435064505682e+00 -5.047261605123131822e+00
1.060000000000000000e+02 1.076642645246709717e+00 -1.315614158648411358e+00
1.040000000000000000e+02 5.305066803574095546e-01 1.186828825945916099e+00
9.300000000000000000e+01 -9.495051552204873957e-01 4.705150365313495620e+00
9.000000000000000000e+01 1.139974565555339714e+00 1.393003226804200301e+00
1.210000000000000000e+02 -3.512265526062854359e+00 7.899309301644170667e-01
1.140000000000000000e+02 -2.634199144547141103e+00 5.924481976233128000e-01
2.110000000000000000e+02 -1.998041626629295964e+00 -8.848535617014192944e-02
2.170000000000000000e+02 2.343281051419309424e+00 -2.863395521764189766e+00
9.500000000000000000e+01 1.997469467528723897e+00 -3.580518918577377807e+00
1.010000000000000000e+02 -7.714729386166460090e-01 3.822934671817214802e+00
2.160000000000000000e+02 7.307815125105088239e-01 -1.309945945820991886e+00
2.120000000000000000e+02 -3.122013800944759776e+00 7.021608268128152197e-01
2.260000000000000000e+02 -4.017249302389795496e+00 -3.141927440672158678e+00
2.210000000000000000e+02 -4.878146563976186734e+00 1.097126291895023531e+00
1.310000000000000000e+02 -2.205548636606162294e+00 -1.724979771349420377e+00
1.350000000000000000e+02 -3.650606421252934108e+00 -4.887031077976365268e+00
1.270000000000000000e+02 -2.513532290043003936e+00 -3.364841070082087882e+00
2.380000000000000000e+02 -1.196920138115716181e+00 -1.602305271467660885e+00
2.350000000000000000e+02 5.359064425077064708e-01 -9.606270269353941460e-01
2.360000000000000000e+02 1.266687955018215295e+00 -2.270572972756386143e+00
1.290000000000000000e+02 1.108546204312189642e+00 -4.464428889892304575e+00
2.320000000000000000e+02 1.559000560022418824e+00 -2.794551351084782809e+00
1.720000000000000000e+02 -3.387092549073749126e+00 -2.649076077429467269e+00
2.510000000000000000e+02 1.169250420016814118e+00 -2.095913513313587107e+00
1.400000000000000000e+02 2.143625770030825883e+00 -3.842508107741576584e+00
2.470000000000000000e+02 -5.340966498115242711e-01 2.646647080488841564e+00
2.430000000000000000e+02 -2.829325007106188394e+00 6.363332492991137235e-01
2.540000000000000000e+02 -2.154456248608289215e+00 -2.884149488641789549e+00
2.440000000000000000e+02 -2.914474984086714571e+00 -2.279437554997448601e+00
2.480000000000000000e+02 -2.441857419099679571e+00 -1.909799032565429933e+00
1.460000000000000000e+02 -4.780583632696663088e+00 1.075183766057123291e+00
2.450000000000000000e+02 1.315406722518915883e+00 -2.357902702477785439e+00
2.590000000000000000e+02 1.071812885015412942e+00 -1.921254053870788292e+00
2.620000000000000000e+02 2.650871358137845135e-01 -1.067580821495985877e+00
2.660000000000000000e+02 1.023094117514712353e+00 -1.833924324149388774e+00
1.650000000000000000e+02 4.626595167972773481e+00 -8.274159484146936805e-01
2.580000000000000000e+02 2.289782072532927870e+00 -4.104497296905774917e+00
1.740000000000000000e+02 -2.441857419099679571e+00 -1.909799032565429933e+00
1.680000000000000000e+02 -4.487894838858091262e+00 1.009356188543421684e+00
2.520000000000000000e+02 3.642213217340268372e+00 -6.513700019434822686e-01
1.700000000000000000e+02 -3.512265526062854359e+00 7.899309301644170667e-01
2.600000000000000000e+02 8.769378150126105886e-01 -1.571935134985190441e+00
1.750000000000000000e+02 5.217224338352275836e+00 -9.330435162974204388e-01
2.680000000000000000e+02 6.506684242701983312e-01 -2.620425652762874424e+00
2.610000000000000000e+02 -2.520627013264185479e+00 -1.971405452970766525e+00
1.690000000000000000e+02 3.543775022277017683e+00 -6.337654072963611052e-01
2.790000000000000000e+02 -1.417852694961104332e+00 -1.108915567296056004e+00
2.730000000000000000e+02 2.923126050042035295e+00 -5.239783783283967544e+00
2.710000000000000000e+02 1.266687955018215295e+00 -2.270572972756386143e+00
1.370000000000000000e+02 -1.795380207173574272e+00 -2.403457907201491217e+00
1.360000000000000000e+02 3.069282352544136838e+00 -5.501772972448166321e+00
2.770000000000000000e+02 -4.268403594574476045e+00 -4.768724227067832722e+00
2.720000000000000000e+02 -6.222797938995958233e+00 -4.866907212021579276e+00
2.810000000000000000e+02 1.364125490019616471e+00 -2.445232432199184736e+00
1.150000000000000000e+02 6.201606288984780946e+00 -1.109089462768631851e+00
1.300000000000000000e+02 8.193602379698793348e-01 -3.299795266442138164e+00
2.780000000000000000e+02 -2.453686283137217927e+00 -3.284725806508704604e+00
2.760000000000000000e+02 -2.274148262419860789e+00 -3.044380015788555660e+00
1.380000000000000000e+02 -2.154456248608289215e+00 -2.884149488641789549e+00
2.940000000000000000e+02 -5.894222798556423726e+00 -2.610318007019187259e-01
2.840000000000000000e+02 2.289782072532927870e+00 -4.104497296905774917e+00
2.530000000000000000e+02 3.020563585043436472e+00 -5.414443242726767025e+00
2.950000000000000000e+02 1.412844257520317059e+00 -2.532562161920584476e+00
2.850000000000000000e+02 -5.143152924110974133e-01 2.548623114544810164e+00
2.550000000000000000e+02 -1.137074131209930394e+00 -1.522190007894277830e+00
2.890000000000000000e+02 -3.590760414347148544e+00 -4.806915814402982434e+00
2.570000000000000000e+02 2.241063305032227060e+00 -4.017167567184374732e+00
2.630000000000000000e+02 -3.317139663503807068e+00 7.460458784886160322e-01
1.920000000000000000e+02 -3.219576732224282978e+00 7.241033526507155704e-01
1.550000000000000000e+02 1.736938851285803942e+00 -4.722747366670718150e-01
1.620000000000000000e+02 -1.127537371824328893e+00 5.587366058809775993e+00
2.640000000000000000e+02 -3.609828457342378449e+00 8.118734560023175284e-01
2.850000000000000000e+02 -5.143152924110974133e-01 2.548623114544810164e+00
1.850000000000000000e+02 4.429718777846272104e+00 -7.922067591204513537e-01
1.880000000000000000e+02 1.325435679068922568e+00 -5.337904107479928939e+00
1.840000000000000000e+02 -2.693070310760361519e+00 -3.605186860802236826e+00
