1.080000000000000000e+02 -3.707391388621901651e+00 -8.338159818402178791e-01
1.590000000000000000e+02 -1.266006873627316676e+00 -6.273533820417994455e+00
1.430000000000000000e+02 -3.889990448876077700e+00 5.207492132269897489e+00
2.010000000000000000e+02 -2.633224303854575954e+00 3.525071597228854436e+00
1.020000000000000000e+02 -4.174788490718807310e+00 3.265140281482831863e+00
1.120000000000000000e+02 -2.932454338383504666e+00 3.925647915095769491e+00
1.560000000000000000e+02 -1.561006900472379888e+00 -3.510804134064076099e-01
1.330000000000000000e+02 -2.243947419429045631e+00 -5.046780942717108420e-01
1.520000000000000000e+02 -4.683020701417139442e+00 -1.053241240219222608e+00
9.800000000000000000e+01 2.094907002530125073e+00 3.755178378020176844e+00
1.190000000000000000e+02 -4.780583632696663088e+00 -1.075183766057123291e+00
2.020000000000000000e+02 -4.096018896554301847e+00 3.203533861077495271e+00
2.030000000000000000e+02 -4.585457770137615796e+00 -1.031298714381322368e+00
9.900000000000000000e+01 8.916567295554570505e-01 3.590953672304679767e+00
1.050000000000000000e+02 -2.000814184956785535e+00 2.235339481438046505e+00
1.000000000000000000e+02 -4.368758504122363995e+00 5.848414240856961932e+00
1.060000000000000000e+02 2.700000000000000178e+00 -0.000000000000000000e+00
1.040000000000000000e+02 1.899957609258899449e+00 2.321672044673667390e+00
9.300000000000000000e+01 -5.073272426535234025e+00 -1.141011343570824677e+00
9.000000000000000000e+01 1.646629928024379685e+00 2.012115772050511620e+00
1.210000000000000000e+02 -2.453686283137217927e+00 3.284725806508704604e+00
1.140000000000000000e+02 -3.317139663503807068e+00 -7.460458784886160322e-01
2.110000000000000000e+02 -7.516915812162191513e-01 -3.724910705873183847e+00
2.170000000000000000e+02 3.926579059135059335e+00 4.798122225658912221e+00
9.500000000000000000e+01 -1.675688193362002476e+00 2.243227380054725106e+00
1.010000000000000000e+02 -1.974918227890931632e+00 2.643803697921640161e+00
2.160000000000000000e+02 9.743753500140117652e-01 1.746594594427989255e+00
2.120000000000000000e+02 2.387219607534329047e+00 4.279156756348574397e+00
2.260000000000000000e+02 1.656438095023820001e+00 2.969210810527581845e+00
2.210000000000000000e+02 -3.231684372912433822e+00 4.326224232962684546e+00
1.310000000000000000e+02 1.217969187517514706e+00 2.183243243034986403e+00
1.350000000000000000e+02 -4.727834545557079160e+00 6.329105822297260708e+00
1.270000000000000000e+02 -2.872608331477718657e+00 3.845532651522385770e+00
2.380000000000000000e+02 -1.376458158833073542e+00 1.842651062187809829e+00
2.350000000000000000e+02 -1.017382117398358821e+00 1.361959480747511719e+00
2.360000000000000000e+02 -8.901610830192069335e-01 -4.411078467481401866e+00
1.290000000000000000e+02 1.060348543255138054e+00 4.270323285983943506e+00
2.320000000000000000e+02 -2.872608331477718657e+00 3.845532651522385770e+00
1.720000000000000000e+02 2.241063305032227060e+00 4.017167567184374732e+00
2.510000000000000000e+02 -2.634199144547141103e+00 -5.924481976233128000e-01
1.400000000000000000e+02 -2.633224303854575954e+00 3.525071597228854436e+00
2.470000000000000000e+02 -6.721104241937552182e-01 -1.340994995400836665e+00
2.430000000000000000e+02 -2.453686283137217927e+00 3.284725806508704604e+00
2.540000000000000000e+02 -3.609828457342378449e+00 -8.118734560023175284e-01
2.440000000000000000e+02 6.265695937416724259e-01 2.523372850808693890e+00
2.480000000000000000e+02 8.434590684984052400e-01 3.396848068396318698e+00
1.460000000000000000e+02 -2.274148262419860789e+00 3.044380015788555660e+00
2.450000000000000000e+02 -1.496150172644645338e+00 2.002881589334576162e+00
2.590000000000000000e+02 2.143625770030825883e+00 3.842508107741576584e+00
2.620000000000000000e+02 -2.274148262419860789e+00 3.044380015788555660e+00
2.660000000000000000e+02 -2.633224303854575954e+00 3.525071597228854436e+00
1.650000000000000000e+02 1.084447373783663959e+00 4.367376087938124485e+00
2.580000000000000000e+02 -4.253558084883313661e+00 3.326746701888168456e+00
1.740000000000000000e+02 -2.914474984086714571e+00 2.279437554997448601e+00
1.680000000000000000e+02 -3.650606421252934108e+00 4.887031077976365268e+00
2.520000000000000000e+02 -3.219576732224282978e+00 -7.241033526507155704e-01
1.700000000000000000e+02 2.776969747539933753e+00 4.977794594119769656e+00
2.600000000000000000e+02 1.656438095023820001e+00 2.969210810527581845e+00
1.750000000000000000e+02 -3.465862143238255477e+00 2.710682497834803861e+00
2.680000000000000000e+02 -2.034764234796717641e+00 2.723918961495023439e+00
2.610000000000000000e+02 -3.229553360744737311e+00 2.525863236618794083e+00
1.690000000000000000e+02 8.193602379698793348e-01 3.299795266442138164e+00
2.790000000000000000e+02 1.461563025021017648e+00 2.619891891641983772e+00
2.730000000000000000e+02 2.923126050042035295e+00 5.239783783283967544e+00
2.710000000000000000e+02 1.607719327523119413e+00 2.881881080806182105e+00
1.370000000000000000e+02 -2.453686283137217927e+00 3.284725806508704604e+00
1.360000000000000000e+02 -3.530914407441362979e+00 4.726800550829599601e+00
2.770000000000000000e+02 -2.393840276231432362e+00 3.204610542935321771e+00
2.720000000000000000e+02 -6.931724286476510954e+00 5.421364995669607723e+00
2.810000000000000000e+02 -4.489866867376830939e+00 3.511565963104177790e+00
1.150000000000000000e+02 1.108546204312189642e+00 4.464428889892304575e+00
1.300000000000000000e+02 5.906291703795028880e+00 1.056275678827268472e+00
2.780000000000000000e+02 -3.111992359100862249e+00 4.165993705815918879e+00
2.760000000000000000e+02 -3.949836455781863265e+00 5.287607395843280322e+00
1.380000000000000000e+02 -2.812762324571933092e+00 3.765417387949003380e+00
2.940000000000000000e+02 -1.837101826129597271e+00 -3.665386320762286765e+00
2.840000000000000000e+02 -1.855226214079360059e+00 2.483573170774874495e+00
2.530000000000000000e+02 2.289782072532927870e+00 4.104497296905774917e+00
2.950000000000000000e+02 -2.536636213267617013e+00 -5.705056717854123383e-01
2.850000000000000000e+02 -1.555996179550431124e+00 2.082996852907959440e+00
2.550000000000000000e+02 -4.945339350106705556e-01 -2.450599148600778765e+00
2.890000000000000000e+02 -3.702170925731772755e+00 2.895501759050813195e+00
2.570000000000000000e+02 -9.692865126209143645e-01 -4.803174331257526575e+00
2.630000000000000000e+02 2.582094677537130956e+00 4.628475675234171582e+00
1.920000000000000000e+02 -3.219576732224282978e+00 -7.241033526507155704e-01
1.550000000000000000e+02 3.473877702571607884e+00 9.445494733341436300e-01
1.620000000000000000e+02 -1.167100086625182609e+00 -5.783413990697838791e+00
2.640000000000000000e+02 -8.901610830192069335e-01 -4.411078467481401866e+00
2.850000000000000000e+02 -1.555996179550431124e+00 2.082996852907959440e+00
1.850000000000000000e+02 1.253139187483344852e+00 5.046745701617387780e+00
1.880000000000000000e+02 -3.796279090595662264e+00 1.681221767232696507e-01
1.840000000000000000e+02 2.825688515040634119e+00 5.065124323841168952e+00
