1.080000000000000000e+02 -6.132220794132314801e-01 3.038742944264965828e+00
1.590000000000000000e+02 -4.780583632696663088e+00 1.075183766057123291e+00
1.430000000000000000e+02 5.542731021560948212e-01 -2.232214444946152287e+00
2.010000000000000000e+02 -5.365961220373804963e+00 1.206838921084526062e+00
1.020000000000000000e+02 -1.978135740042682222e+00 9.802396594403115060e+00
1.120000000000000000e+02 -2.285175442258767564e+00 4.559382984362844837e+00
1.560000000000000000e+02 -1.898139545297831132e+00 -8.406108836163482534e-02
1.330000000000000000e+02 -3.956271480085364334e-01 1.960479318880623101e+00
1.520000000000000000e+02 -8.378440966810012380e-01 -1.121613690027362553e+00
9.800000000000000000e+01 -3.496572846601267770e+00 -1.548493732977483661e-01
1.190000000000000000e+02 8.866468843208197281e-01 1.083446954181044752e+00
2.020000000000000000e+02 -2.297747870623690236e+00 -1.017581595956632140e-01
2.030000000000000000e+02 1.583298007715749689e+00 1.934726703894722677e+00
9.900000000000000000e+01 -3.024450869665235686e+00 6.802183009749146470e-01
1.050000000000000000e+02 -1.325350945828597027e+00 6.567605718250087321e+00
1.000000000000000000e+02 -4.069528469593435283e+00 -5.447837922990046877e+00
1.060000000000000000e+02 -5.924754683672794897e+00 -7.931411093764921816e+00
1.040000000000000000e+02 -3.996083253258591927e+00 -1.769707123402838589e-01
9.300000000000000000e+01 -3.560644332076827734e-01 1.764431386992560746e+00
9.000000000000000000e+01 2.094907002530125073e+00 -3.755178378020176844e+00
1.210000000000000000e+02 -1.344220848387510381e-01 -2.681989990801673662e-01
1.140000000000000000e+02 -3.362830758072559711e-01 1.666407421048529569e+00
2.110000000000000000e+02 3.799915218517798898e+00 4.643344089347334780e+00
2.170000000000000000e+02 2.406612971727939421e+00 -2.940784589919978487e+00
9.500000000000000000e+01 -3.758457906081095756e-01 1.862455352936591924e+00
1.010000000000000000e+02 -3.396670765269802938e+00 -1.504251054892412898e-01
2.160000000000000000e+02 -2.240368080645850635e-01 4.469983318002789252e-01
2.120000000000000000e+02 4.433234421604098641e-01 -5.417234770905223762e-01
2.260000000000000000e+02 6.890673654427533767e-01 -1.232321625298479773e-01
2.210000000000000000e+02 -3.219576732224282978e+00 7.241033526507155704e-01
1.310000000000000000e+02 1.013310724938079721e+00 1.238225090492622638e+00
1.350000000000000000e+02 -2.932454338383504666e+00 -3.925647915095769491e+00
1.270000000000000000e+02 1.100000000000000089e+00 0.000000000000000000e+00
2.380000000000000000e+02 5.359064425077064708e-01 -9.606270269353941460e-01
2.350000000000000000e+02 -2.285175442258767564e+00 4.559382984362844837e+00
2.360000000000000000e+02 5.000000000000000000e-01 0.000000000000000000e+00
1.290000000000000000e+02 -3.231684372912433822e+00 -4.326224232962684546e+00
2.320000000000000000e+02 -1.198824975977577534e+00 -5.309121370208515905e-02
1.720000000000000000e+02 -9.409545938712573498e-01 1.877392993561171508e+00
2.510000000000000000e+02 6.966511233949298498e-01 8.512797497136780356e-01
1.400000000000000000e+02 2.894898085476340199e+00 -7.871245611117863028e-01
2.470000000000000000e+02 1.673449316075258375e+00 -2.992781090010593892e-01
2.430000000000000000e+02 1.646629928024379685e+00 2.012115772050511620e+00
2.540000000000000000e+02 -5.513871591515405735e-01 -4.312449428373550941e-01
2.440000000000000000e+02 -3.938479708225289810e-01 -3.080321020266822418e-01
2.480000000000000000e+02 1.329970326481229703e+00 1.625170431271567129e+00
1.460000000000000000e+02 1.061462631341324681e+00 -2.886123390743216555e-01
2.450000000000000000e+02 -3.956271480085364334e-01 1.960479318880623101e+00
2.590000000000000000e+02 -1.181543912467586832e+00 -9.240963060800466700e-01
2.620000000000000000e+02 -1.582508592034145845e-01 7.841917275522493069e-01
2.660000000000000000e+02 -3.165017184068291689e-01 1.568383455104498614e+00
1.650000000000000000e+02 1.709961848333009682e+00 2.089504840206300784e+00
2.580000000000000000e+02 -1.268318106633808506e+00 2.852528358927061691e-01
1.740000000000000000e+02 -7.089263474805521659e-01 -5.544577836480280020e-01
1.680000000000000000e+02 -2.154456248608289215e+00 -2.884149488641789549e+00
2.520000000000000000e+02 -3.896181171927127096e+00 -1.725464445317767548e-01
1.700000000000000000e+02 -2.633224303854575954e+00 -3.525071597228854436e+00
2.600000000000000000e+02 2.040410309066959804e-01 4.564726253638138331e-01
1.750000000000000000e+02 3.118001120044837648e+00 -5.589102702169565617e+00
2.680000000000000000e+02 2.040410309066959804e-01 -4.564726253638138331e-01
2.610000000000000000e+02 -8.961472322583402539e-02 -1.787993327201115867e-01
1.690000000000000000e+02 -5.494614473230563512e+00 -2.433347294678903094e-01
2.790000000000000000e+02 -5.386140621520723037e-01 -7.210373721604473873e-01
2.730000000000000000e+02 3.373836273993620627e-01 -1.358739227358527479e+00
2.710000000000000000e+02 3.373836273993620627e-01 -1.358739227358527479e+00
1.370000000000000000e+02 1.364125490019616471e+00 -2.445232432199184736e+00
1.360000000000000000e+02 2.409883052852586360e-01 -9.705280195418053424e-01
2.770000000000000000e+02 -4.249066490310791977e+00 -5.688183713710196265e+00
2.720000000000000000e+02 9.649660284921133258e-01 -2.623748537039287676e-01
2.810000000000000000e+02 1.217969187517514706e+00 -2.183243243034986403e+00
1.150000000000000000e+02 -2.037479812243962574e+00 1.009646849223520881e+01
1.300000000000000000e+02 -6.634279327007614135e+00 1.492091756977232064e+00
2.780000000000000000e+02 -1.344220848387510381e-01 -2.681989990801673662e-01
2.760000000000000000e+02 -0.000000000000000000e+00 -0.000000000000000000e+00
1.380000000000000000e+02 -1.028630584822194827e+00 5.097246229089620329e+00
2.940000000000000000e+02 6.747672547987241254e-01 -2.717478454717054959e+00
2.840000000000000000e+02 -1.344220848387510381e-01 -2.681989990801673662e-01
2.530000000000000000e+02 4.871876750070058826e-01 -8.732972972139946277e-01
2.950000000000000000e+02 -1.137074131209930394e+00 -1.522190007894277830e+00
2.850000000000000000e+02 -3.956271480085364334e-01 1.960479318880623101e+00
2.550000000000000000e+02 -1.698335382634901469e+00 -7.521255274462064488e-02
2.890000000000000000e+02 -1.792294464516680508e-01 -3.575986654402231735e-01
2.570000000000000000e+02 -4.351898628093900934e-01 2.156527250768685455e+00
2.630000000000000000e+02 -4.480736161291701269e-02 -8.939966636005579337e-02
1.920000000000000000e+02 -7.181520828694296643e-01 -9.613831628805964424e-01
1.550000000000000000e+02 -1.780322166038413867e-01 8.822156934962803732e-01
1.620000000000000000e+02 -2.597454114618084731e+00 -1.150309630211845124e-01
2.640000000000000000e+02 1.753875630025221177e+00 -3.143870269970380882e+00
2.850000000000000000e+02 -3.956271480085364334e-01 1.960479318880623101e+00
1.850000000000000000e+02 2.435938375035029413e+00 -4.366486486069972806e+00
1.880000000000000000e+02 1.181258340759005820e+00 -2.112551357654536832e-01
1.840000000000000000e+02 -4.683020701417139442e+00 1.053241240219222608e+00
