1.080000000000000000e+02 -1.974918227890931632e+00 -2.643803697921640161e+00
1.590000000000000000e+02 -3.471068400535576970e+00 -4.646685287256216768e+00
1.430000000000000000e+02 -2.693070310760361519e+00 -3.605186860802236826e+00
2.010000000000000000e+02 -8.976901035867871359e-01 -1.201728953600745609e+00
1.020000000000000000e+02 -1.436304165738859329e+00 -1.922766325761192885e+00
1.120000000000000000e+02 -2.513532290043003936e+00 -3.364841070082087882e+00
1.560000000000000000e+02 1.071812885015412942e+00 -1.921254053870788292e+00
1.330000000000000000e+02 -2.497552033286619899e+00 -1.106066952126774083e-01
1.520000000000000000e+02 -4.480736161291701269e-02 -8.939966636005579337e-02
9.800000000000000000e+01 1.997469467528723897e+00 -3.580518918577377807e+00
1.190000000000000000e+02 -2.034764234796717641e+00 -2.723918961495023439e+00
2.020000000000000000e+02 -2.094610241702503206e+00 -2.804034225068406716e+00
2.030000000000000000e+02 -3.512265526062854359e+00 7.899309301644170667e-01
9.900000000000000000e+01 2.953145851897514440e+00 -5.281378394136342358e-01
1.050000000000000000e+02 8.161641236267839217e-01 1.825890501455255333e+00
1.000000000000000000e+02 -4.000080182460473033e+00 8.996435593539192643e-01
1.060000000000000000e+02 -1.792294464516680508e-01 -3.575986654402231735e-01
1.040000000000000000e+02 -1.344220848387510381e-01 -2.681989990801673662e-01
9.300000000000000000e+01 -9.575361104925730338e-01 -1.281844217174128886e+00
9.000000000000000000e+01 -6.721104241937552182e-01 1.340994995400836665e+00
1.210000000000000000e+02 -2.214302255514075224e+00 -2.964264752215172827e+00
1.140000000000000000e+02 -2.634199144547141103e+00 5.924481976233128000e-01
2.110000000000000000e+02 -1.198824975977577534e+00 -5.309121370208515905e-02
2.170000000000000000e+02 -2.769390036059755089e-01 1.372335523216436037e+00
9.500000000000000000e+01 -1.855226214079360059e+00 -2.483573170774874495e+00
1.010000000000000000e+02 -4.487894838858091262e+00 1.009356188543421684e+00
2.160000000000000000e+02 -7.805034502361899440e-01 1.755402067032038049e-01
2.120000000000000000e+02 -2.731762075826664304e+00 6.143907234612131507e-01
2.260000000000000000e+02 -2.835705389922208663e+00 -2.217831134592112008e+00
2.210000000000000000e+02 -2.633224303854575954e+00 -3.525071597228854436e+00
1.310000000000000000e+02 9.256565825133111769e-01 -1.659264864706589737e+00
1.350000000000000000e+02 -3.231684372912433822e+00 -4.326224232962684546e+00
1.270000000000000000e+02 -1.615842186456216911e+00 -2.163112116481342273e+00
2.380000000000000000e+02 -9.575361104925730338e-01 -1.281844217174128886e+00
2.350000000000000000e+02 -1.792294464516680508e-01 -3.575986654402231735e-01
2.360000000000000000e+02 7.307815125105088239e-01 -1.309945945820991886e+00
1.290000000000000000e+02 4.819766105705172721e-01 -1.941056039083610685e+00
2.320000000000000000e+02 -1.436304165738859329e+00 -1.922766325761192885e+00
1.720000000000000000e+02 7.599830437035598463e-01 -9.286688178694668672e-01
2.510000000000000000e+02 -1.561006900472379888e+00 3.510804134064076099e-01
1.400000000000000000e+02 1.169250420016814118e+00 -2.095913513313587107e+00
2.470000000000000000e+02 -1.951258625590474693e+00 4.388505167580094568e-01
2.430000000000000000e+02 -1.675688193362002476e+00 -2.243227380054725106e+00
2.540000000000000000e+02 -1.974918227890931632e+00 -2.643803697921640161e+00
2.440000000000000000e+02 -1.575391883290115924e+00 -1.232128408106728967e+00
2.480000000000000000e+02 -1.600651347965428517e+00 -1.788271585150437160e+00
1.460000000000000000e+02 -5.934407220128046223e-01 2.940718978320934873e+00
2.450000000000000000e+02 2.067202096328260463e+00 -3.696964875895439873e-01
2.590000000000000000e+02 -2.363087824935173664e+00 -1.848192612160093340e+00
2.620000000000000000e+02 -1.260313506632092739e+00 -9.857027264853832627e-01
2.660000000000000000e+02 -5.386140621520723037e-01 -7.210373721604473873e-01
1.650000000000000000e+02 2.533276812345199414e+00 -3.095562726231556372e+00
2.580000000000000000e+02 1.559000560022418824e+00 -2.794551351084782809e+00
1.740000000000000000e+02 3.132847968708362130e-01 -1.261686425404346945e+00
1.680000000000000000e+02 -3.231684372912433822e+00 -4.326224232962684546e+00
2.520000000000000000e+02 7.875055605060039543e-01 -1.408367571769691406e-01
1.700000000000000000e+02 -2.214302255514075224e+00 -2.964264752215172827e+00
2.600000000000000000e+02 -9.452351299740695545e-01 -7.392770448640373360e-01
1.750000000000000000e+02 5.512538923542027014e+00 -9.858573002387838180e-01
2.680000000000000000e+02 5.542731021560948212e-01 -2.232214444946152287e+00
2.610000000000000000e+02 -2.993244578251220034e+00 -2.341043975402784749e+00
1.690000000000000000e+02 3.445336827213766995e+00 -6.161608126492399418e-01
2.790000000000000000e+02 1.315406722518915883e+00 -2.357902702477785439e+00
2.730000000000000000e+02 9.743753500140117652e-01 -1.746594594427989255e+00
2.710000000000000000e+02 -1.017382117398358821e+00 -1.361959480747511719e+00
1.370000000000000000e+02 -2.274148262419860789e+00 -3.044380015788555660e+00
1.360000000000000000e+02 2.192344537531526250e+00 -3.929837837462975880e+00
2.770000000000000000e+02 3.356591776357388923e+00 -4.101620612256811960e+00
2.720000000000000000e+02 -4.647406055705841865e+00 -3.634778803914850531e+00
2.810000000000000000e+02 1.169250420016814118e+00 -2.095913513313587107e+00
1.150000000000000000e+02 4.686562102838618848e+00 -5.726791043528379532e+00
1.300000000000000000e+02 -1.575391883290115924e+00 -1.232128408106728967e+00
2.780000000000000000e+02 -4.154085054089632911e-01 2.058503284824654500e+00
2.760000000000000000e+02 -1.496150172644645338e+00 -2.002881589334576162e+00
1.380000000000000000e+02 -1.915072220985146068e+00 -2.563688434348257772e+00
2.940000000000000000e+02 -8.703797256187801867e-01 4.313054501537370911e+00
2.840000000000000000e+02 -4.780583632696663088e+00 1.075183766057123291e+00
2.530000000000000000e+02 -4.017249302389795496e+00 -3.141927440672158678e+00
2.950000000000000000e+02 1.023094117514712353e+00 -1.833924324149388774e+00
2.850000000000000000e+02 -1.137074131209930394e+00 -1.522190007894277830e+00
2.550000000000000000e+02 -8.976901035867871359e-01 -1.201728953600745609e+00
2.890000000000000000e+02 -3.231684372912433822e+00 -4.326224232962684546e+00
2.570000000000000000e+02 -5.736593646123777646e-01 2.842695012376903474e+00
2.630000000000000000e+02 -1.463443969192856020e+00 3.291378875685070926e-01
1.920000000000000000e+02 -8.780663815157135899e-01 1.974827325411042667e-01
1.550000000000000000e+02 -1.077228124304144607e+00 -1.442074744320894775e+00
1.620000000000000000e+02 -1.951258625590474693e+00 4.388505167580094568e-01
2.640000000000000000e+02 -7.319102238157924045e-01 3.626886739929152892e+00
2.850000000000000000e+02 -1.137074131209930394e+00 -1.522190007894277830e+00
1.850000000000000000e+02 3.642213217340268372e+00 -6.513700019434822686e-01
1.880000000000000000e+02 1.364125490019616471e+00 -2.445232432199184736e+00
1.840000000000000000e+02 -2.633224303854575954e+00 -3.525071597228854436e+00
