1.080000000000000000e+02 -2.697356195949549562e+00 1.194552308296916165e-01
1.590000000000000000e+02 -4.780583632696663088e+00 -1.075183766057123291e+00
1.430000000000000000e+02 -1.344220848387510381e-01 2.681989990801673662e-01
2.010000000000000000e+02 -4.487894838858091262e+00 -1.009356188543421684e+00
1.020000000000000000e+02 9.157555600839827337e-01 3.688006474258860301e+00
1.120000000000000000e+02 -8.308170108179265823e-01 -4.117006569649309000e+00
1.560000000000000000e+02 -2.297747870623690236e+00 1.017581595956632140e-01
1.330000000000000000e+02 -2.150753357420016609e+00 -4.291183985282677860e+00
1.520000000000000000e+02 -1.017382117398358821e+00 1.361959480747511719e+00
9.800000000000000000e+01 -1.798237463966366301e+00 7.963682055312773511e-02
1.190000000000000000e+02 6.333192030862998534e-01 -7.738906815578890930e-01
2.020000000000000000e+02 -3.590760414347148322e-01 4.806915814402982212e-01
2.030000000000000000e+02 2.856574432693743670e-01 6.390616755093393442e-01
9.900000000000000000e+01 -2.243947419429045631e+00 -5.046780942717108420e-01
1.050000000000000000e+02 -1.424257732830731094e+00 -7.057725547970242985e+00
1.000000000000000000e+02 -6.343676732013295627e+00 8.492217938778601649e+00
1.060000000000000000e+02 -4.878146563976186734e+00 -1.097126291895023531e+00
1.040000000000000000e+02 8.977805359894623916e-01 -2.008479551600780955e+00
9.300000000000000000e+01 -2.497552033286619899e+00 1.106066952126774083e-01
9.000000000000000000e+01 -2.333994269325646354e+00 3.124495279361938493e+00
1.210000000000000000e+02 8.282190475119100004e-01 1.484605405263790923e+00
1.140000000000000000e+02 2.168894747567327863e-01 8.734752175876248081e-01
2.110000000000000000e+02 2.913268334196978948e+00 -3.559897135166289583e+00
2.170000000000000000e+02 2.786604493579719399e+00 3.405118998854712142e+00
9.500000000000000000e+01 -1.998041626629295964e+00 8.848535617014192944e-02
1.010000000000000000e+02 1.519966087407119693e+00 -1.857337635738933734e+00
2.160000000000000000e+02 -2.034764234796717641e+00 2.723918961495023439e+00
2.120000000000000000e+02 -7.089263474805521659e-01 5.544577836480280020e-01
2.260000000000000000e+02 -9.857619554841743348e-01 -1.966792659921227537e+00
2.210000000000000000e+02 -7.779980897752155622e-01 1.041498426453979720e+00
1.310000000000000000e+02 -3.560644332076827734e-01 -1.764431386992560746e+00
1.350000000000000000e+02 -3.804954319901425741e+00 -8.557585076781184519e-01
1.270000000000000000e+02 6.890673654427533767e-01 1.232321625298479773e-01
2.380000000000000000e+02 -5.513871591515405735e-01 4.312449428373550941e-01
2.350000000000000000e+02 -2.285175442258767564e+00 -4.559382984362844837e+00
2.360000000000000000e+02 2.605408276928706357e+00 7.084121050006076947e-01
1.290000000000000000e+02 -9.495051552204873957e-01 -4.705150365313495620e+00
2.320000000000000000e+02 -1.598433301303436860e+00 7.078828493611354078e-02
1.720000000000000000e+02 -2.697356195949549562e+00 1.194552308296916165e-01
2.510000000000000000e+02 1.254455837039747390e+00 3.410873098151074312e-01
1.400000000000000000e+02 3.087891291174762909e+00 8.395995318525720785e-01
2.470000000000000000e+02 1.575011121012007909e+00 2.816735143539382813e-01
2.430000000000000000e+02 2.343281051419309424e+00 -2.863395521764189766e+00
2.540000000000000000e+02 -0.000000000000000000e+00 0.000000000000000000e+00
2.440000000000000000e+02 -3.938479708225289810e-01 3.080321020266822418e-01
2.480000000000000000e+02 1.519966087407119693e+00 -1.857337635738933734e+00
1.460000000000000000e+02 2.026428659833438228e+00 5.509871927782504786e-01
2.450000000000000000e+02 -2.097943707960761017e+00 9.290962397864903355e-02
2.590000000000000000e+02 3.264656494507136020e-01 7.303562005821021552e-01
2.620000000000000000e+02 -1.186881444025609245e-01 -5.881437956641869524e-01
2.660000000000000000e+02 -1.398629138640507197e+00 6.193974931909934645e-02
1.650000000000000000e+02 -1.030569317097091320e+00 -2.056192326281282678e+00
2.580000000000000000e+02 -2.341510350708569721e+00 -5.266206201096113038e-01
1.740000000000000000e+02 2.040410309066959804e-01 -4.564726253638138331e-01
1.680000000000000000e+02 1.656438095023820001e+00 2.969210810527581845e+00
2.520000000000000000e+02 -1.030569317097091320e+00 -2.056192326281282678e+00
1.700000000000000000e+02 1.169250420016814118e+00 2.095913513313587107e+00
2.600000000000000000e+02 2.448492370880351598e-01 5.477671504365765331e-01
1.750000000000000000e+02 2.874407282541334929e+00 5.152454053562568248e+00
2.680000000000000000e+02 -7.805034502361899440e-01 -1.755402067032038049e-01
2.610000000000000000e+02 -0.000000000000000000e+00 0.000000000000000000e+00
1.690000000000000000e+02 -7.516915812162191513e-01 -3.724910705873183847e+00
2.790000000000000000e+02 -1.344220848387510381e-01 2.681989990801673662e-01
2.730000000000000000e+02 5.359064425077064708e-01 9.606270269353941460e-01
2.710000000000000000e+02 1.082820145695755354e+00 1.936505411183325753e-01
1.370000000000000000e+02 -2.341510350708569721e+00 -5.266206201096113038e-01
1.360000000000000000e+02 5.305066803574095546e-01 -1.186828825945916099e+00
2.770000000000000000e+02 -2.752916317666147084e+00 3.685302124375619659e+00
2.720000000000000000e+02 2.448492370880351598e-01 -5.477671504365765331e-01
2.810000000000000000e+02 3.897501400056047061e-01 6.986378377711957022e-01
1.150000000000000000e+02 -2.037479812243962574e+00 -1.009646849223520881e+01
1.300000000000000000e+02 -3.512265526062854359e+00 -7.899309301644170667e-01
2.780000000000000000e+02 1.686918136996810313e-01 6.793696136792637397e-01
2.760000000000000000e+02 1.199999999999999956e+00 -0.000000000000000000e+00
1.380000000000000000e+02 -1.087974657023475178e+00 -5.391318126921713194e+00
2.940000000000000000e+02 -6.132220794132314801e-01 -3.038742944264965828e+00
2.840000000000000000e+02 -7.876959416450579621e-01 6.160642040533644836e-01
2.530000000000000000e+02 2.650871358137845135e-01 1.067580821495985877e+00
2.950000000000000000e+02 1.217969187517514706e+00 2.183243243034986403e+00
2.850000000000000000e+02 -3.560644332076827734e-01 -1.764431386992560746e+00
2.550000000000000000e+02 -1.344220848387510381e-01 2.681989990801673662e-01
2.890000000000000000e+02 -1.792294464516680508e-01 3.575986654402231735e-01
2.570000000000000000e+02 -1.598433301303436860e+00 7.078828493611354078e-02
2.630000000000000000e+02 -4.480736161291701269e-02 8.939966636005579337e-02
1.920000000000000000e+02 -1.792294464516680508e-01 3.575986654402231735e-01
1.550000000000000000e+02 -3.590760414347148322e-01 4.806915814402982212e-01
1.620000000000000000e+02 -3.024450869665235686e+00 -6.802183009749146470e-01
2.640000000000000000e+02 -2.993244578251220034e+00 2.341043975402784749e+00
2.850000000000000000e+02 -3.560644332076827734e-01 -1.764431386992560746e+00
1.850000000000000000e+02 -3.072014172415725941e+00 2.402650395808121342e+00
1.880000000000000000e+02 8.859437555692544208e-01 1.584413518240902763e-01
1.840000000000000000e+02 -4.995104066573239909e-01 2.212133904253548236e-02
