1.080000000000000000e+02 -4.351898628093900934e-01 2.156527250768685455e+00
1.590000000000000000e+02 -4.907372566274435854e+00 -6.569451613017409208e+00
1.430000000000000000e+02 -1.260313506632092739e+00 -9.857027264853832627e-01
2.010000000000000000e+02 -8.901610830192069335e-01 4.411078467481401866e+00
1.020000000000000000e+02 -7.707471571082375128e+00 1.733459541194137365e+00
1.120000000000000000e+02 -4.995104066573239798e+00 -2.212133904253548167e-01
1.560000000000000000e+02 -1.898139545297831132e+00 -8.406108836163482534e-02
1.330000000000000000e+02 -3.196866602606873720e+00 -1.415765698722270816e-01
1.520000000000000000e+02 6.820627450098082356e-01 -1.222616216099592368e+00
9.800000000000000000e+01 -8.780663815157135899e-01 1.974827325411042667e-01
1.190000000000000000e+02 1.061462631341324681e+00 -2.886123390743216555e-01
2.020000000000000000e+02 -6.993145693202535984e-01 -3.096987465954967322e-02
2.030000000000000000e+02 6.121230927200879135e-01 1.369417876091441499e+00
9.900000000000000000e+01 -2.536636213267617013e+00 5.705056717854123383e-01
1.050000000000000000e+02 -2.829325007106188394e+00 6.363332492991137235e-01
1.000000000000000000e+02 -4.069528469593435283e+00 -5.447837922990046877e+00
1.060000000000000000e+02 -7.317219845964279656e+00 1.645689437842535519e+00
1.040000000000000000e+02 -4.495593659915916085e+00 -1.990920513828193517e-01
9.300000000000000000e+01 -5.340966498115242711e-01 2.646647080488841564e+00
9.000000000000000000e+01 -2.441857419099679571e+00 -1.909799032565429933e+00
1.210000000000000000e+02 -6.829405189566660761e-01 1.535976808653032877e-01
1.140000000000000000e+02 -3.362830758072559711e-01 1.666407421048529569e+00
2.110000000000000000e+02 -2.598826973549186459e+00 5.185180648883235044e+00
2.170000000000000000e+02 4.496566341912728859e+00 -5.494623839061012482e+00
9.500000000000000000e+01 -3.560644332076827734e-01 1.764431386992560746e+00
1.010000000000000000e+02 -9.857619554841743348e-01 1.966792659921227537e+00
2.160000000000000000e+02 -1.384695018029877545e-01 6.861677616082180187e-01
2.120000000000000000e+02 5.066553624690398605e-01 -6.191125452463113188e-01
2.260000000000000000e+02 -2.240368080645850635e-01 4.469983318002789252e-01
2.210000000000000000e+02 -1.853695694310950826e+00 4.169079909201089396e-01
1.310000000000000000e+02 5.699872827776698569e-01 6.965016134021001504e-01
1.350000000000000000e+02 -2.731762075826664304e+00 6.143907234612131507e-01
1.270000000000000000e+02 -4.001628369913571293e-01 -4.470678962876092899e-01
2.380000000000000000e+02 -9.890678700213410834e-02 4.901198297201557752e-01
2.350000000000000000e+02 -2.240368080645850579e+00 4.469983318002789474e+00
2.360000000000000000e+02 1.266638406172599707e+00 1.547781363115778186e+00
1.290000000000000000e+02 -3.530914407441362979e+00 -4.726800550829599601e+00
2.320000000000000000e+02 -6.273030625808381222e-01 1.251595329040780857e+00
1.720000000000000000e+02 -1.120184040322925290e+00 2.234991659001394737e+00
2.510000000000000000e+02 1.203306485863969710e+00 1.470392294959989243e+00
1.400000000000000000e+02 3.377381099722396751e+00 -9.183119879637506866e-01
2.470000000000000000e+02 9.843819506325048874e-01 -1.760459464712114119e-01
2.430000000000000000e+02 -1.344220848387510436e+00 2.681989990801673329e+00
2.540000000000000000e+02 -1.344220848387510381e-01 -2.681989990801673662e-01
2.440000000000000000e+02 3.410313725049041178e-01 -6.113081080497961839e-01
2.480000000000000000e+02 1.013310724938079721e+00 1.238225090492622638e+00
1.460000000000000000e+02 1.254455837039747390e+00 -3.410873098151074312e-01
2.450000000000000000e+02 -4.351898628093900934e-01 2.156527250768685455e+00
2.590000000000000000e+02 2.923126050042035295e-01 -5.239783783283967766e-01
2.620000000000000000e+02 -8.961472322583402539e-02 -1.787993327201115867e-01
2.660000000000000000e+02 -1.582508592034145845e-01 7.841917275522493069e-01
1.650000000000000000e+02 1.773293768641639456e+00 2.166893908362089505e+00
2.580000000000000000e+02 -1.658569831751903534e+00 3.730229392443080161e-01
1.740000000000000000e+02 -1.024004724138575462e+00 -8.008834652693738176e-01
1.680000000000000000e+02 -2.214302255514075224e+00 -2.964264752215172827e+00
2.520000000000000000e+02 -1.209798763548759482e+00 2.413790991721506352e+00
1.700000000000000000e+02 -2.333994269325646354e+00 -3.124495279361938493e+00
2.600000000000000000e+02 -1.344220848387510381e-01 -2.681989990801673662e-01
1.750000000000000000e+02 3.215438655046238825e+00 -5.763762161612364210e+00
2.680000000000000000e+02 -3.560644332076827734e-01 1.764431386992560746e+00
2.610000000000000000e+02 -0.000000000000000000e+00 -0.000000000000000000e+00
1.690000000000000000e+02 -6.893243611871071153e+00 -3.052744787869896559e-01
2.790000000000000000e+02 5.359064425077064708e-01 -9.606270269353941460e-01
2.730000000000000000e+02 -1.260313506632092739e+00 -9.857027264853832627e-01
2.710000000000000000e+02 3.855812884564138177e-01 -1.552844831266888548e+00
1.370000000000000000e+02 -4.747525776102436978e-01 2.352575182656747810e+00
1.360000000000000000e+02 3.264656494507136020e-01 7.303562005821021552e-01
2.770000000000000000e+02 -3.889990448876077700e+00 -5.207492132269897489e+00
2.720000000000000000e+02 -1.969239854112645016e+00 -1.540160510133411265e+00
2.810000000000000000e+02 8.769378150126105886e-01 -1.571935134985190441e+00
1.150000000000000000e+02 -2.353981530650791854e+00 1.166485194733970765e+01
1.300000000000000000e+02 -8.487975021318563407e+00 1.908999747897341059e+00
2.780000000000000000e+02 5.906291703795029102e-01 -1.056275678827268416e-01
2.760000000000000000e+02 -0.000000000000000000e+00 -0.000000000000000000e+00
1.380000000000000000e+02 -7.121288664153655468e-01 3.528862773985121493e+00
2.940000000000000000e+02 -2.634199144547141103e+00 5.924481976233128000e-01
2.840000000000000000e+02 1.686918136996810313e-01 -6.793696136792637397e-01
2.530000000000000000e+02 -1.024004724138575462e+00 -8.008834652693738176e-01
2.950000000000000000e+02 6.333439775091076474e-01 -1.135286486378193072e+00
2.850000000000000000e+02 -3.165017184068291689e-01 1.568383455104498614e+00
2.550000000000000000e+02 -1.198824975977577534e+00 -5.309121370208515905e-02
2.890000000000000000e+02 -0.000000000000000000e+00 -0.000000000000000000e+00
2.570000000000000000e+02 -4.549712202098168401e-01 2.254551216712716410e+00
2.630000000000000000e+02 -4.189220483405006190e-01 -5.608068450136812766e-01
1.920000000000000000e+02 -0.000000000000000000e+00 -0.000000000000000000e+00
1.550000000000000000e+02 -4.480736161291701269e-01 8.939966636005578504e-01
1.620000000000000000e+02 -7.121288664153655468e-01 3.528862773985121493e+00
2.640000000000000000e+02 -2.678166201593196849e+00 -2.094618293781439267e+00
2.850000000000000000e+02 -3.165017184068291689e-01 1.568383455104498614e+00
1.850000000000000000e+02 2.582094677537130956e+00 -4.628475675234171582e+00
1.880000000000000000e+02 8.859437555692544208e-01 -1.584413518240902763e-01
1.840000000000000000e+02 -4.292768976299044859e+00 9.654711368676208716e-01
