1.080000000000000000e+02 2.923126050042035295e-01 5.239783783283967766e-01
1.590000000000000000e+02 7.599830437035598463e-01 -9.286688178694668672e-01
1.430000000000000000e+02 -1.969239854112645016e+00 1.540160510133411265e+00
2.010000000000000000e+02 4.488902679947311958e-01 1.004239775800390477e+00
1.020000000000000000e+02 -1.735534200267788485e+00 2.323342643628108384e+00
1.120000000000000000e+02 3.445336827213766995e+00 6.161608126492399418e-01
1.560000000000000000e+02 -1.186881444025609245e-01 -5.881437956641869524e-01
1.330000000000000000e+02 -1.198824975977577534e+00 5.309121370208515905e-02
1.520000000000000000e+02 1.084447373783663959e+00 4.367376087938124485e+00
9.800000000000000000e+01 -7.336318678174881258e-01 8.196244765272837629e-01
1.190000000000000000e+02 -4.480736161291701269e-02 8.939966636005579337e-02
2.020000000000000000e+02 4.096801189849396674e-01 1.649897633221069082e+00
2.030000000000000000e+02 -2.341510350708569721e+00 -5.266206201096113038e-01
9.900000000000000000e+01 -0.000000000000000000e+00 0.000000000000000000e+00
1.050000000000000000e+02 -3.512265526062854359e+00 -7.899309301644170667e-01
1.000000000000000000e+02 -3.609828457342378449e+00 -8.118734560023175284e-01
1.060000000000000000e+02 -1.756132763031427180e+00 -3.949654650822085333e-01
1.040000000000000000e+02 -2.439073281988093367e+00 -5.485631459475117655e-01
9.300000000000000000e+01 -6.273030625808381222e-01 -1.251595329040780857e+00
9.000000000000000000e+01 -1.024004724138575462e+00 8.008834652693738176e-01
1.210000000000000000e+02 -0.000000000000000000e+00 0.000000000000000000e+00
1.140000000000000000e+02 -1.268318106633808506e+00 -2.852528358927061691e-01
2.110000000000000000e+02 -1.344220848387510381e-01 2.681989990801673662e-01
2.170000000000000000e+02 -1.024004724138575462e+00 8.008834652693738176e-01
9.500000000000000000e+01 3.672738556320527814e-01 8.216507256548649663e-01
1.010000000000000000e+02 4.080820618133919608e-01 -9.129452507276276663e-01
2.160000000000000000e+02 -1.344220848387510381e-01 2.681989990801673662e-01
2.120000000000000000e+02 -8.961472322583402539e-02 1.787993327201115867e-01
2.260000000000000000e+02 -0.000000000000000000e+00 0.000000000000000000e+00
2.210000000000000000e+02 7.599830437035598463e-01 9.286688178694668672e-01
1.310000000000000000e+02 -1.170755175354284860e+00 -2.633103100548056519e-01
1.350000000000000000e+02 -2.393840276231432362e+00 3.204610542935321771e+00
1.270000000000000000e+02 1.000000000000000000e+00 -0.000000000000000000e+00
2.380000000000000000e+02 1.204941526426293180e-01 4.852640097709026712e-01
2.350000000000000000e+02 -1.344220848387510381e-01 2.681989990801673662e-01
2.360000000000000000e+02 -1.344220848387510381e-01 2.681989990801673662e-01
1.290000000000000000e+02 -1.344220848387510381e-01 2.681989990801673662e-01
2.320000000000000000e+02 -1.170755175354284860e+00 -2.633103100548056519e-01
1.720000000000000000e+02 -4.480736161291701269e-02 8.939966636005579337e-02
2.510000000000000000e+02 -4.480736161291701269e-02 8.939966636005579337e-02
1.400000000000000000e+02 -0.000000000000000000e+00 0.000000000000000000e+00
2.470000000000000000e+02 2.067202096328260463e+00 3.696964875895439873e-01
2.430000000000000000e+02 -0.000000000000000000e+00 0.000000000000000000e+00
2.540000000000000000e+02 -6.583060759636439885e-01 8.812678993072136091e-01
2.440000000000000000e+02 -1.344220848387510381e-01 2.681989990801673662e-01
2.480000000000000000e+02 -1.792294464516680508e-01 3.575986654402231735e-01
1.460000000000000000e+02 5.305066803574095546e-01 -1.186828825945916099e+00
2.450000000000000000e+02 -1.780322166038413867e-01 -8.822156934962803732e-01
2.590000000000000000e+02 9.256565825133111769e-01 1.659264864706589737e+00
2.620000000000000000e+02 1.851313165026622354e+00 3.318529729413179474e+00
2.660000000000000000e+02 5.359064425077064708e-01 9.606270269353941460e-01
1.650000000000000000e+02 -1.792294464516680508e-01 3.575986654402231735e-01
2.580000000000000000e+02 -2.752916317666147084e+00 3.685302124375619659e+00
1.740000000000000000e+02 1.510281792521718236e+00 2.707221621363383512e+00
1.680000000000000000e+02 2.776969747539933753e+00 4.977794594119769656e+00
2.520000000000000000e+02 -0.000000000000000000e+00 0.000000000000000000e+00
1.700000000000000000e+02 1.120531652516113530e+00 2.008583783592187366e+00
2.600000000000000000e+02 -1.792294464516680508e-01 3.575986654402231735e-01
1.750000000000000000e+02 1.373633340125974378e+00 5.532009711388290896e+00
2.680000000000000000e+02 -1.344220848387510381e-01 2.681989990801673662e-01
2.610000000000000000e+02 -8.961472322583402539e-02 1.787993327201115867e-01
1.690000000000000000e+02 3.855812884564138177e-01 1.552844831266888548e+00
2.790000000000000000e+02 -1.102774318303081147e+00 8.624898856747101883e-01
2.730000000000000000e+02 2.825688515040634119e+00 5.065124323841168952e+00
2.710000000000000000e+02 -6.721104241937552182e-01 -1.340994995400836665e+00
1.370000000000000000e+02 -1.951258625590474693e+00 -4.388505167580094568e-01
1.360000000000000000e+02 -1.417852694961104332e+00 1.108915567296056004e+00
2.770000000000000000e+02 1.393302246789859700e+00 -1.702559499427356071e+00
2.720000000000000000e+02 -1.951258625590474693e+00 -4.388505167580094568e-01
2.810000000000000000e+02 -1.654161477454621831e+00 1.293734828512065560e+00
1.150000000000000000e+02 8.434590684984052400e-01 3.396848068396318698e+00
1.300000000000000000e+02 -1.137074131209930394e+00 1.522190007894277830e+00
2.780000000000000000e+02 3.166596015431499267e-01 3.869453407789445465e-01
2.760000000000000000e+02 -4.480736161291701269e-02 8.939966636005579337e-02
1.380000000000000000e+02 3.410313725049041178e-01 6.113081080497961839e-01
2.940000000000000000e+02 -2.829325007106188394e+00 -6.363332492991137235e-01
2.840000000000000000e+02 2.448492370880351598e-01 5.477671504365765331e-01
2.530000000000000000e+02 6.333192030862998534e-01 7.738906815578890930e-01
2.950000000000000000e+02 -2.154456248608289215e+00 2.884149488641789549e+00
2.850000000000000000e+02 9.256565825133111769e-01 1.659264864706589737e+00
2.550000000000000000e+02 -1.260313506632092739e+00 9.857027264853832627e-01
2.890000000000000000e+02 2.264078486454760952e+00 4.049056768837862030e-01
2.570000000000000000e+02 -1.792294464516680508e-01 3.575986654402231735e-01
2.630000000000000000e+02 1.082820145695755354e+00 1.936505411183325753e-01
1.920000000000000000e+02 -1.792294464516680508e-01 3.575986654402231735e-01
1.550000000000000000e+02 1.476572925948757220e+00 2.640689197068171179e-01
1.620000000000000000e+02 7.719728227936907272e-01 2.098998829631430196e-01
2.640000000000000000e+02 -9.756293127952373467e-01 -2.194252583790047284e-01
2.850000000000000000e+02 9.256565825133111769e-01 1.659264864706589737e+00
1.850000000000000000e+02 3.445336827213766995e+00 6.161608126492399418e-01
1.880000000000000000e+02 5.906291703795029102e-01 1.056275678827268416e-01
1.840000000000000000e+02 -1.915072220985146068e+00 2.563688434348257772e+00
