1.080000000000000000e+02 1.461563025021017648e+00 2.619891891641983772e+00
1.590000000000000000e+02 -6.593537367876676214e+00 2.920016753614683713e-01
1.430000000000000000e+02 1.802594397525921766e+00 3.231199999691780178e+00
2.010000000000000000e+02 -8.901610830192069335e-01 -4.411078467481401866e+00
1.020000000000000000e+02 1.566423984354181176e+00 6.308432127021735170e+00
1.120000000000000000e+02 8.434590684984052400e-01 3.396848068396318698e+00
1.560000000000000000e+02 -2.992300345289290453e-01 4.005763178669152214e-01
1.330000000000000000e+02 -5.736593646123777646e-01 -2.842695012376903474e+00
1.520000000000000000e+02 -3.804954319901425741e+00 -8.557585076781184519e-01
9.800000000000000000e+01 -2.752916317666147084e+00 3.685302124375619659e+00
1.190000000000000000e+02 -2.693070310760361519e+00 3.605186860802236826e+00
2.020000000000000000e+02 4.488902679947311958e-01 -1.004239775800390477e+00
2.030000000000000000e+02 -4.097643113739996679e+00 -9.215860851918199481e-01
9.900000000000000000e+01 8.434590684984052400e-01 3.396848068396318698e+00
1.050000000000000000e+02 2.089953370184789438e+00 2.553839249141033996e+00
1.000000000000000000e+02 -4.368758504122363995e+00 5.848414240856961932e+00
1.060000000000000000e+02 2.241063305032227060e+00 4.017167567184374732e+00
1.040000000000000000e+02 2.533276812345199414e+00 3.095562726231556372e+00
9.300000000000000000e+01 -9.756293127952373467e-01 -2.194252583790047284e-01
9.000000000000000000e+01 2.046188235029424707e+00 3.667848648298777547e+00
1.210000000000000000e+02 1.350952439888958523e+00 3.673247951855002635e-01
1.140000000000000000e+02 -4.747525776102436978e-01 -2.352575182656747810e+00
2.110000000000000000e+02 -2.419597527097518963e+00 -4.827581983443012703e+00
2.170000000000000000e+02 -1.030569317097091320e+00 -2.056192326281282678e+00
9.500000000000000000e+01 1.948750700028023530e+00 3.493189188855978511e+00
1.010000000000000000e+02 -5.736593646123777646e-01 -2.842695012376903474e+00
2.160000000000000000e+02 -1.226444158826462960e+00 -6.077485888529931657e+00
2.120000000000000000e+02 -2.597454114618084731e+00 1.150309630211845124e-01
2.260000000000000000e+02 -2.536636213267617013e+00 -5.705056717854123383e-01
2.210000000000000000e+02 -9.297237978200606490e-01 -4.607126399369464664e+00
1.310000000000000000e+02 -5.340966498115242711e-01 -2.646647080488841564e+00
1.350000000000000000e+02 -3.111992359100862249e+00 4.165993705815918879e+00
1.270000000000000000e+02 -3.609828457342378449e+00 -8.118734560023175284e-01
2.380000000000000000e+02 -2.536636213267617013e+00 -5.705056717854123383e-01
2.350000000000000000e+02 -2.897160358612479225e+00 1.283037664467057970e-01
2.360000000000000000e+02 -3.296768683938338107e+00 1.460008376807341857e-01
1.290000000000000000e+02 9.639532211410345441e-01 3.882112078167221370e+00
2.320000000000000000e+02 -2.731762075826664304e+00 -6.143907234612131507e-01
1.720000000000000000e+02 -3.231684372912433822e+00 4.326224232962684546e+00
2.510000000000000000e+02 -2.154456248608289215e+00 2.884149488641789549e+00
1.400000000000000000e+02 -2.034764234796717641e+00 2.723918961495023439e+00
2.470000000000000000e+02 6.999999999999999556e-01 -0.000000000000000000e+00
2.430000000000000000e+02 -2.333994269325646354e+00 3.124495279361938493e+00
2.540000000000000000e+02 -1.675688193362002476e+00 2.243227380054725106e+00
2.440000000000000000e+02 -4.928809777420871674e-01 -9.833963299606137687e-01
2.480000000000000000e+02 -1.147318729224755529e+00 -5.685390024753806948e+00
1.460000000000000000e+02 -1.376458158833073542e+00 1.842651062187809829e+00
2.450000000000000000e+02 -3.707391388621901651e+00 -8.338159818402178791e-01
2.590000000000000000e+02 3.069282352544136838e+00 5.501772972448166321e+00
2.620000000000000000e+02 -2.453686283137217927e+00 3.284725806508704604e+00
2.660000000000000000e+02 -2.094610241702503206e+00 2.804034225068406716e+00
1.650000000000000000e+02 -3.308322954909243663e+00 2.587469657024131120e+00
2.580000000000000000e+02 1.614621645411232986e+00 6.502537730930096238e+00
1.740000000000000000e+02 1.997469467528723897e+00 3.580518918577377807e+00
1.680000000000000000e+02 -1.305569588428170169e+00 -6.469581752306055478e+00
2.520000000000000000e+02 -1.974918227890931632e+00 2.643803697921640161e+00
1.700000000000000000e+02 -2.693070310760361519e+00 3.605186860802236826e+00
2.600000000000000000e+02 1.705156862524520589e+00 3.056540540248981142e+00
1.750000000000000000e+02 -5.592641185679910976e+00 4.374055848778887423e+00
2.680000000000000000e+02 2.241063305032227060e+00 4.017167567184374732e+00
2.610000000000000000e+02 -2.752916317666147084e+00 3.685302124375619659e+00
1.690000000000000000e+02 1.802594397525921766e+00 3.231199999691780178e+00
2.790000000000000000e+02 -3.229553360744737311e+00 2.525863236618794083e+00
2.730000000000000000e+02 1.948750700028023530e+00 3.493189188855978511e+00
2.710000000000000000e+02 -2.993244578251220034e+00 2.341043975402784749e+00
1.370000000000000000e+02 -2.154456248608289215e+00 2.884149488641789549e+00
1.360000000000000000e+02 -2.633224303854575954e+00 3.525071597228854436e+00
2.770000000000000000e+02 -2.214302255514075224e+00 2.964264752215172827e+00
2.720000000000000000e+02 1.656438095023820001e+00 2.969210810527581845e+00
2.810000000000000000e+02 1.510281792521718236e+00 2.707221621363383512e+00
1.150000000000000000e+02 -7.392754018528395754e+00 3.273958178295251487e-01
1.300000000000000000e+02 -3.414702594783330714e+00 -7.679884043265166049e-01
2.780000000000000000e+02 2.241063305032227060e+00 4.017167567184374732e+00
2.760000000000000000e+02 -2.453686283137217927e+00 3.284725806508704604e+00
1.380000000000000000e+02 -4.195206045019520325e+00 -9.435286110297202988e-01
2.940000000000000000e+02 -8.901610830192069335e-01 -4.411078467481401866e+00
2.840000000000000000e+02 -2.393840276231432362e+00 3.204610542935321771e+00
2.530000000000000000e+02 2.241063305032227060e+00 4.017167567184374732e+00
2.950000000000000000e+02 -2.536636213267617013e+00 -5.705056717854123383e-01
2.850000000000000000e+02 -2.214302255514075224e+00 2.964264752215172827e+00
2.550000000000000000e+02 -7.169177858066722031e-01 -1.430394661760892694e+00
2.890000000000000000e+02 6.300044484048031634e+00 1.126694057415753125e+00
2.570000000000000000e+02 -1.008849227421767747e+00 -4.999222263145588485e+00
2.630000000000000000e+02 -1.137074131209930394e+00 1.522190007894277830e+00
1.920000000000000000e+02 -3.804954319901425741e+00 -8.557585076781184519e-01
1.550000000000000000e+02 1.305862597802854408e+00 -2.921424802328408621e+00
1.620000000000000000e+02 -9.297237978200606490e-01 -4.607126399369464664e+00
2.640000000000000000e+02 -5.073272426535234025e+00 -1.141011343570824677e+00
2.850000000000000000e+02 -2.214302255514075224e+00 2.964264752215172827e+00
1.850000000000000000e+02 9.639532211410345441e-01 3.882112078167221370e+00
1.880000000000000000e+02 -1.254606125161676244e+00 -2.503190658081561715e+00
1.840000000000000000e+02 1.851313165026622354e+00 3.318529729413179474e+00
