1.080000000000000000e+02 -1.077228124304144607e+00 -1.442074744320894775e+00
1.590000000000000000e+02 -4.129374476499220847e+00 -5.527953186563430599e+00
1.430000000000000000e+02 2.435938375035029413e-01 -4.366486486069973139e-01
2.010000000000000000e+02 -9.890678700213411112e-01 4.901198297201557530e+00
1.020000000000000000e+02 2.776969747539933753e+00 -4.977794594119769656e+00
1.120000000000000000e+02 -3.796279090595662264e+00 -1.681221767232696507e-01
1.560000000000000000e+02 6.966511233949298498e-01 8.512797497136780356e-01
1.330000000000000000e+02 -3.096964521275408888e+00 -1.371523020637200052e-01
1.520000000000000000e+02 1.266687955018215295e+00 -2.270572972756386143e+00
9.800000000000000000e+01 -1.164991401935842275e+00 2.324391325361450544e+00
1.190000000000000000e+02 1.157959234190536035e+00 -3.148498244447144878e-01
2.020000000000000000e+02 -4.995104066573239909e-01 -2.212133904253548236e-02
2.030000000000000000e+02 -7.169177858066722031e-01 1.430394661760892694e+00
9.900000000000000000e+01 -3.414702594783330714e+00 7.679884043265166049e-01
1.050000000000000000e+02 -1.853695694310950826e+00 4.169079909201089396e-01
1.000000000000000000e+02 -5.266448607709151908e+00 -7.050143194457708873e+00
1.060000000000000000e+02 -4.683020701417139442e+00 1.053241240219222608e+00
1.040000000000000000e+02 -4.595495741247380472e+00 -2.035163191913264280e-01
9.300000000000000000e+01 -4.395691578584451698e+00 -1.946677835743122476e-01
9.000000000000000000e+01 2.241063305032227060e+00 -4.017167567184374732e+00
1.210000000000000000e+02 -1.792294464516680508e-01 -3.575986654402231735e-01
1.140000000000000000e+02 -1.792294464516680508e-01 -3.575986654402231735e-01
2.110000000000000000e+02 3.673251377900538905e+00 4.488565953035756451e+00
2.170000000000000000e+02 4.433234421604098863e+00 -5.417234770905223762e+00
9.500000000000000000e+01 -2.597454114618084731e+00 -1.150309630211845124e-01
1.010000000000000000e+02 1.203306485863969710e+00 1.470392294959989243e+00
2.160000000000000000e+02 -1.855226214079360059e+00 -2.483573170774874495e+00
2.120000000000000000e+02 4.824830142460566629e-01 -1.311874268519643838e-01
2.260000000000000000e+02 2.891859663423103632e-01 -1.164633623450166411e+00
2.210000000000000000e+02 -1.073192244074761215e+00 2.413677842169052179e-01
1.310000000000000000e+02 -8.961472322583402539e-02 -1.787993327201115867e-01
1.350000000000000000e+02 -2.573378296948789501e+00 -3.444956333655470715e+00
1.270000000000000000e+02 6.754762199444792614e-01 -1.836623975927501318e-01
2.380000000000000000e+02 -8.670194801479405022e-01 -9.686471086231535077e-01
2.350000000000000000e+02 -2.464404888710435504e+00 4.916981649803068066e+00
2.360000000000000000e+02 1.709961848333009682e+00 2.089504840206300784e+00
1.290000000000000000e+02 -3.804954319901425741e+00 8.557585076781184519e-01
2.320000000000000000e+02 -1.798237463966366301e+00 -7.963682055312773511e-02
1.720000000000000000e+02 -1.075376678710008305e+00 2.145591992641338930e+00
2.510000000000000000e+02 1.447449042738170100e+00 -3.935622805558931514e-01
1.400000000000000000e+02 3.377381099722396751e+00 -9.183119879637506866e-01
2.470000000000000000e+02 1.968763901265009775e+00 -3.520918929424228239e-01
2.430000000000000000e+02 1.583298007715749689e+00 1.934726703894722677e+00
2.540000000000000000e+02 -4.480736161291701269e-02 -8.939966636005579337e-02
2.440000000000000000e+02 -8.961472322583402539e-02 -1.787993327201115867e-01
2.480000000000000000e+02 1.203306485863969710e+00 1.470392294959989243e+00
1.460000000000000000e+02 1.736938851285803942e+00 -4.722747366670718150e-01
2.450000000000000000e+02 -6.132220794132314801e-01 3.038742944264965828e+00
2.590000000000000000e+02 3.373836273993620627e-01 -1.358739227358527479e+00
2.620000000000000000e+02 -1.792294464516680508e-01 -3.575986654402231735e-01
2.660000000000000000e+02 -1.898139545297831132e+00 -8.406108836163482534e-02
1.650000000000000000e+02 -1.433835571613344406e+00 2.860789323521785388e+00
2.580000000000000000e+02 -1.951258625590474693e+00 4.388505167580094568e-01
1.740000000000000000e+02 -1.792294464516680508e-01 -3.575986654402231735e-01
1.680000000000000000e+02 1.510281792521718236e+00 -2.707221621363383512e+00
2.520000000000000000e+02 -6.721104241937552182e-01 1.340994995400836665e+00
1.700000000000000000e+02 -2.693070310760361519e+00 -3.605186860802236826e+00
2.600000000000000000e+02 -1.792294464516680508e-01 -3.575986654402231735e-01
1.750000000000000000e+02 3.459032492549741544e+00 -6.200410810219361579e+00
2.680000000000000000e+02 -6.330034368136583378e-01 3.136766910208997228e+00
2.610000000000000000e+02 9.499788046294497246e-01 -1.160836022336833695e+00
1.690000000000000000e+02 -6.193929042550817776e+00 -2.743046041274400104e-01
2.790000000000000000e+02 -1.792294464516680508e-01 -3.575986654402231735e-01
2.730000000000000000e+02 3.373836273993620627e-01 -1.358739227358527479e+00
2.710000000000000000e+02 -8.961472322583402539e-02 -1.787993327201115867e-01
1.370000000000000000e+02 -1.256766145021501968e+00 -1.682420535041043941e+00
1.360000000000000000e+02 2.448492370880351598e-01 5.477671504365765331e-01
2.770000000000000000e+02 -4.907372566274435854e+00 -6.569451613017409208e+00
2.720000000000000000e+02 9.843819506325048874e-01 -1.760459464712114119e-01
2.810000000000000000e+02 -1.575391883290115924e+00 -1.232128408106728967e+00
1.150000000000000000e+02 -2.175949314046950356e+00 1.078263625384342639e+01
1.300000000000000000e+02 -5.086910586991793437e+00 -6.809797403737558597e+00
2.780000000000000000e+02 4.921909753162524437e-01 -8.802297323560570597e-02
2.760000000000000000e+02 -4.480736161291701269e-02 -8.939966636005579337e-02
1.380000000000000000e+02 -6.527847942140850845e-01 3.234790876153027739e+00
2.940000000000000000e+02 -4.351898628093900934e-01 2.156527250768685455e+00
2.840000000000000000e+02 8.859437555692544208e-01 -1.584413518240902763e-01
2.530000000000000000e+02 5.906291703795029102e-01 -1.056275678827268416e-01
2.950000000000000000e+02 -1.196920138115716181e+00 -1.602305271467660885e+00
2.850000000000000000e+02 -6.923475090149388000e-01 3.430838808041090537e+00
2.550000000000000000e+02 -1.582508592034145845e-01 7.841917275522493069e-01
2.890000000000000000e+02 -4.480736161291701269e-02 -8.939966636005579337e-02
2.570000000000000000e+02 4.871876750070058826e-01 -8.732972972139946277e-01
2.630000000000000000e+02 -4.351898628093900934e-01 2.156527250768685455e+00
1.920000000000000000e+02 -4.480736161291701269e-02 -8.939966636005579337e-02
1.550000000000000000e+02 -4.189220483405006190e-01 -5.608068450136812766e-01
1.620000000000000000e+02 -1.167100086625182609e+00 5.783413990697838791e+00
2.640000000000000000e+02 -2.441857419099679571e+00 -1.909799032565429933e+00
2.850000000000000000e+02 -6.923475090149388000e-01 3.430838808041090537e+00
1.850000000000000000e+02 2.289782072532927870e+00 -4.104497296905774917e+00
1.880000000000000000e+02 -1.792294464516680508e-01 -3.575986654402231735e-01
1.840000000000000000e+02 -2.513532290043003936e+00 -3.364841070082087882e+00
