1.080000000000000000e+02 1.753875630025221177e+00 3.143870269970380882e+00
1.590000000000000000e+02 -3.171838366006647814e+00 4.246108969389300825e+00
1.430000000000000000e+02 1.461563025021017648e+00 2.619891891641983772e+00
2.010000000000000000e+02 8.859437555692544208e-01 1.584413518240902763e-01
1.020000000000000000e+02 1.510281792521718236e+00 2.707221621363383512e+00
1.120000000000000000e+02 -2.835705389922208663e+00 2.217831134592112008e+00
1.560000000000000000e+02 1.445929831711551816e-01 5.823168117250832054e-01
1.330000000000000000e+02 -9.990208133146479819e-01 4.424267808507096472e-02
1.520000000000000000e+02 -3.758457906081095756e-01 -1.862455352936591924e+00
9.800000000000000000e+01 6.820627450098082356e-01 1.222616216099592368e+00
1.190000000000000000e+02 -1.555996179550431124e+00 2.082996852907959440e+00
2.020000000000000000e+02 3.855812884564138177e-01 1.552844831266888548e+00
2.030000000000000000e+02 -3.414702594783330714e+00 -7.679884043265166049e-01
9.900000000000000000e+01 2.067202096328260463e+00 3.696964875895439873e-01
1.050000000000000000e+02 -2.146384488149522429e+00 -4.827355684338104358e-01
1.000000000000000000e+02 -2.094610241702503206e+00 2.804034225068406716e+00
1.060000000000000000e+02 -1.658569831751903534e+00 -3.730229392443080161e-01
1.040000000000000000e+02 -9.990208133146479819e-01 4.424267808507096472e-02
9.300000000000000000e+01 -4.480736161291701269e-02 8.939966636005579337e-02
9.000000000000000000e+01 -6.829405189566660761e-01 -1.535976808653032877e-01
1.210000000000000000e+02 -2.926887938385712040e+00 -6.582757751370141852e-01
1.140000000000000000e+02 -2.769390036059755089e-01 -1.372335523216436037e+00
2.110000000000000000e+02 -5.335504493218095057e-01 5.960905283834790902e-01
2.170000000000000000e+02 -1.181543912467586832e+00 9.240963060800466700e-01
9.500000000000000000e+01 2.448492370880351598e-01 5.477671504365765331e-01
1.010000000000000000e+02 2.856574432693743670e-01 6.390616755093393442e-01
2.160000000000000000e+02 -4.878146563976186734e-01 -1.097126291895023642e-01
2.120000000000000000e+02 -1.498531219971972028e+00 6.636401712760645055e-02
2.260000000000000000e+02 -4.726175649870347772e-01 3.696385224320186680e-01
2.210000000000000000e+02 -4.945339350106705556e-01 -2.450599148600778765e+00
1.310000000000000000e+02 8.282190475119100004e-01 1.484605405263790923e+00
1.350000000000000000e+02 -1.974918227890931632e+00 2.643803697921640161e+00
1.270000000000000000e+02 -2.341510350708569721e+00 -5.266206201096113038e-01
2.380000000000000000e+02 -1.436304165738859329e+00 1.922766325761192885e+00
2.350000000000000000e+02 -0.000000000000000000e+00 0.000000000000000000e+00
2.360000000000000000e+02 -4.726175649870347772e-01 3.696385224320186680e-01
1.290000000000000000e+02 8.859437555692544208e-01 1.584413518240902763e-01
2.320000000000000000e+02 -2.146384488149522429e+00 -4.827355684338104358e-01
1.720000000000000000e+02 1.254455837039747390e+00 3.410873098151074312e-01
2.510000000000000000e+02 -4.480736161291701269e-02 8.939966636005579337e-02
1.400000000000000000e+02 -7.876959416450579621e-01 6.160642040533644836e-01
2.470000000000000000e+02 8.233149640121898427e-01 1.006057886025255810e+00
2.430000000000000000e+02 -0.000000000000000000e+00 0.000000000000000000e+00
2.540000000000000000e+02 -8.961472322583402539e-02 1.787993327201115867e-01
2.440000000000000000e+02 -7.876959416450579621e-01 6.160642040533644836e-01
2.480000000000000000e+02 2.856574432693743670e-01 6.390616755093393442e-01
1.460000000000000000e+02 -5.934407220128046223e-01 -2.940718978320934873e+00
2.450000000000000000e+02 8.684694256429019710e-01 2.361373683335359075e-01
2.590000000000000000e+02 -1.496622289125610017e+00 1.170521987701392375e+00
2.620000000000000000e+02 1.559000560022418824e+00 2.794551351084782809e+00
2.660000000000000000e+02 -2.571576462055487067e-01 -1.274311557272405082e+00
1.650000000000000000e+02 3.150022242024015817e+00 5.633470287078765626e-01
2.580000000000000000e+02 -1.555996179550431124e+00 2.082996852907959440e+00
1.740000000000000000e+02 -2.835705389922208663e+00 2.217831134592112008e+00
1.680000000000000000e+02 1.120531652516113530e+00 2.008583783592187366e+00
2.520000000000000000e+02 2.448492370880351598e-01 5.477671504365765331e-01
1.700000000000000000e+02 -5.386140621520723037e-01 7.210373721604473873e-01
2.600000000000000000e+02 -1.260313506632092739e+00 9.857027264853832627e-01
1.750000000000000000e+02 6.890673654427533990e+00 1.232321625298479884e+00
2.680000000000000000e+02 -1.792294464516680508e-01 3.575986654402231735e-01
2.610000000000000000e+02 -1.951258625590474693e+00 -4.388505167580094568e-01
1.690000000000000000e+02 3.642213217340268372e+00 6.513700019434822686e-01
2.790000000000000000e+02 1.315406722518915883e+00 2.357902702477785439e+00
2.730000000000000000e+02 1.364125490019616471e+00 2.445232432199184736e+00
2.710000000000000000e+02 1.476572925948757220e+00 2.640689197068171179e-01
1.370000000000000000e+02 -1.951258625590474693e+00 -4.388505167580094568e-01
1.360000000000000000e+02 9.743753500140117652e-01 1.746594594427989255e+00
2.770000000000000000e+02 -1.000407092478392768e+00 1.117669740719023252e+00
2.720000000000000000e+02 -3.465862143238255477e+00 2.710682497834803861e+00
2.810000000000000000e+02 1.266687955018215295e+00 2.270572972756386143e+00
1.150000000000000000e+02 3.926579059135059335e+00 4.798122225658912221e+00
1.300000000000000000e+02 -9.575361104925730338e-01 1.281844217174128886e+00
2.780000000000000000e+02 9.843819506325048874e-01 1.760459464712114119e-01
2.760000000000000000e+02 -1.137074131209930394e+00 1.522190007894277830e+00
1.380000000000000000e+02 1.836625688950269453e+00 2.244282976517878225e+00
2.940000000000000000e+02 5.789796170952680177e-01 1.574249122223572439e-01
2.840000000000000000e+02 -4.097643113739996679e+00 -9.215860851918199481e-01
2.530000000000000000e+02 -1.024004724138575462e+00 8.008834652693738176e-01
2.950000000000000000e+02 -1.256766145021501968e+00 1.682420535041043941e+00
2.850000000000000000e+02 -1.615842186456216911e+00 2.163112116481342273e+00
2.550000000000000000e+02 3.410313725049041178e-01 6.113081080497961839e-01
2.890000000000000000e+02 1.583298007715749689e+00 1.934726703894722677e+00
2.570000000000000000e+02 -4.747525776102436978e-01 -2.352575182656747810e+00
2.630000000000000000e+02 -2.731762075826664304e+00 -6.143907234612131507e-01
1.920000000000000000e+02 8.859437555692544208e-01 1.584413518240902763e-01
1.550000000000000000e+02 -1.137074131209930394e+00 1.522190007894277830e+00
1.620000000000000000e+02 -5.824957009679211373e-01 -1.162195662680725272e+00
2.640000000000000000e+02 -1.344220848387510381e-01 2.681989990801673662e-01
2.850000000000000000e+02 -1.615842186456216911e+00 2.163112116481342273e+00
1.850000000000000000e+02 -2.363087824935173664e+00 1.848192612160093340e+00
1.880000000000000000e+02 7.795002800112094121e-01 1.397275675542391404e+00
1.840000000000000000e+02 -1.974918227890931632e+00 2.643803697921640161e+00
