1.080000000000000000e+02 -2.573378296948789501e+00 -3.444956333655470715e+00
1.590000000000000000e+02 -4.308912497216578430e+00 -5.768298977283579099e+00
1.430000000000000000e+02 -3.111992359100862249e+00 -4.165993705815918879e+00
2.010000000000000000e+02 -4.487894838858091262e+00 1.009356188543421684e+00
1.020000000000000000e+02 -3.702170925731772755e+00 -2.895501759050813195e+00
1.120000000000000000e+02 -3.411222393629791405e+00 -4.566570023682833934e+00
1.560000000000000000e+02 -1.316612151927287977e+00 -1.762535798614427218e+00
1.330000000000000000e+02 -2.997062439943944057e+00 -1.327280342552129011e-01
1.520000000000000000e+02 1.948750700028023530e+00 -3.493189188855978511e+00
9.800000000000000000e+01 -2.513532290043003936e+00 -3.364841070082087882e+00
1.190000000000000000e+02 2.094907002530125073e+00 -3.755178378020176844e+00
2.020000000000000000e+02 -3.780940519896278218e+00 -2.957108179456149344e+00
2.030000000000000000e+02 -2.513532290043003936e+00 -3.364841070082087882e+00
9.900000000000000000e+01 3.937527802530019549e+00 -7.041837858848456477e-01
1.050000000000000000e+02 8.233149640121898427e-01 -1.006057886025255810e+00
1.000000000000000000e+02 -4.195206045019520325e+00 9.435286110297202988e-01
1.060000000000000000e+02 9.385887421708014600e-01 -2.099774076673543544e+00
1.040000000000000000e+02 6.966511233949298498e-01 -8.512797497136780356e-01
9.300000000000000000e+01 -3.710452428158720117e+00 -4.967146341549748989e+00
9.000000000000000000e+01 1.329970326481229703e+00 1.625170431271567129e+00
1.210000000000000000e+02 -4.487894838858091262e+00 1.009356188543421684e+00
1.140000000000000000e+02 -7.319102238157924045e-01 3.626886739929152892e+00
2.110000000000000000e+02 -1.811700665783633202e+00 -1.416947669322738301e+00
2.170000000000000000e+02 4.053242899752318884e+00 -4.952900361970490550e+00
9.500000000000000000e+01 1.461563025021017648e+00 -2.619891891641983772e+00
1.010000000000000000e+02 -8.901610830192069335e-01 4.411078467481401866e+00
2.160000000000000000e+02 -1.496150172644645338e+00 -2.002881589334576162e+00
2.120000000000000000e+02 -3.902517251180949387e+00 8.777010335160189136e-01
2.260000000000000000e+02 -4.017249302389795496e+00 -3.141927440672158678e+00
2.210000000000000000e+02 -4.292768976299044859e+00 9.654711368676208716e-01
1.310000000000000000e+02 -2.678166201593196849e+00 -2.094618293781439267e+00
1.350000000000000000e+02 -4.488450517933936013e+00 -6.008644768003728487e+00
1.270000000000000000e+02 -2.812762324571933092e+00 -3.765417387949003380e+00
2.380000000000000000e+02 -2.034764234796717641e+00 -2.723918961495023439e+00
2.350000000000000000e+02 3.410313725049041178e-01 -6.113081080497961839e-01
2.360000000000000000e+02 1.948750700028023530e+00 -3.493189188855978511e+00
1.290000000000000000e+02 1.060348543255138054e+00 -4.270323285983943506e+00
2.320000000000000000e+02 -2.284318230770668201e+00 -1.786586191754756969e+00
1.720000000000000000e+02 2.143625770030825883e+00 -3.842508107741576584e+00
2.510000000000000000e+02 -2.731762075826664304e+00 6.143907234612131507e-01
1.400000000000000000e+02 2.338500840033628236e+00 -4.191827026627174213e+00
2.470000000000000000e+02 -5.143152924110974133e-01 2.548623114544810164e+00
2.430000000000000000e+02 -2.274148262419860789e+00 -3.044380015788555660e+00
2.540000000000000000e+02 1.997469467528723897e+00 -3.580518918577377807e+00
2.440000000000000000e+02 1.559000560022418824e+00 -2.794551351084782809e+00
2.480000000000000000e+02 1.802594397525921766e+00 -3.231199999691780178e+00
1.460000000000000000e+02 -3.414702594783330714e+00 7.679884043265166049e-01
2.450000000000000000e+02 -1.855226214079360059e+00 -2.483573170774874495e+00
2.590000000000000000e+02 -2.214302255514075224e+00 -2.964264752215172827e+00
2.620000000000000000e+02 -3.758457906081095756e-01 1.862455352936591924e+00
2.660000000000000000e+02 -1.974918227890931632e+00 -2.643803697921640161e+00
1.650000000000000000e+02 9.157555600839827337e-01 -3.688006474258860301e+00
2.580000000000000000e+02 2.289782072532927870e+00 -4.104497296905774917e+00
1.740000000000000000e+02 -3.702170925731772755e+00 -2.895501759050813195e+00
1.680000000000000000e+02 -1.266006873627316676e+00 6.273533820417994455e+00
2.520000000000000000e+02 3.150022242024015817e+00 -5.633470287078765626e-01
1.700000000000000000e+02 -2.752916317666147084e+00 -3.685302124375619659e+00
2.600000000000000000e+02 -1.735534200267788485e+00 -2.323342643628108384e+00
1.750000000000000000e+02 9.639532211410345441e-01 -3.882112078167221370e+00
2.680000000000000000e+02 -8.664655358095638693e-01 -6.776706244587009653e-01
2.610000000000000000e+02 1.315406722518915883e+00 -2.357902702477785439e+00
1.690000000000000000e+02 5.315662533415526525e+00 -9.506481109445417133e-01
2.790000000000000000e+02 1.364125490019616471e+00 -2.445232432199184736e+00
2.730000000000000000e+02 2.143625770030825883e+00 -3.842508107741576584e+00
2.710000000000000000e+02 -1.137074131209930394e+00 -1.522190007894277830e+00
1.370000000000000000e+02 -2.992300345289290675e+00 -4.005763178669152325e+00
1.360000000000000000e+02 2.435938375035029413e+00 -4.366486486069972806e+00
2.770000000000000000e+02 1.559000560022418824e+00 -2.794551351084782809e+00
2.720000000000000000e+02 -5.671410779844417327e+00 -4.435662269184224016e+00
2.810000000000000000e+02 2.289782072532927870e+00 -4.104497296905774917e+00
1.150000000000000000e+02 8.434590684984052400e-01 -3.396848068396318698e+00
1.300000000000000000e+02 2.756269461771013507e+00 -4.929286501193919090e-01
2.780000000000000000e+02 -2.752916317666147084e+00 -3.685302124375619659e+00
2.760000000000000000e+02 -5.561087082932853143e+00 1.250723972760326985e+00
1.380000000000000000e+02 -4.585457770137615796e+00 1.031298714381322368e+00
2.940000000000000000e+02 -4.995104066573239798e+00 -2.212133904253548167e-01
2.840000000000000000e+02 -3.414702594783330714e+00 7.679884043265166049e-01
2.530000000000000000e+02 2.679532212538532576e+00 -4.803135134676970175e+00
2.950000000000000000e+02 1.851313165026622354e+00 -3.318529729413179474e+00
2.850000000000000000e+02 -3.219576732224282978e+00 7.241033526507155704e-01
2.550000000000000000e+02 -1.170755175354284860e+00 2.633103100548056519e-01
2.890000000000000000e+02 -3.111992359100862249e+00 -4.165993705815918879e+00
2.570000000000000000e+02 -7.714729386166460090e-01 3.822934671817214802e+00
2.630000000000000000e+02 -2.633224303854575954e+00 -3.525071597228854436e+00
1.920000000000000000e+02 6.506684242701983312e-01 -2.620425652762874424e+00
1.550000000000000000e+02 1.899957609258899449e+00 2.321672044673667390e+00
1.620000000000000000e+02 -1.325350945828597027e+00 6.567605718250087321e+00
2.640000000000000000e+02 -7.714729386166460090e-01 3.822934671817214802e+00
2.850000000000000000e+02 -3.219576732224282978e+00 7.241033526507155704e-01
1.850000000000000000e+02 5.807853508731779080e+00 -1.038671084180147419e+00
1.880000000000000000e+02 2.657831266707763263e+00 -4.753240554722708566e-01
1.840000000000000000e+02 2.046188235029424707e+00 -3.667848648298777547e+00
