1.080000000000000000e+02 3.757142000000000337e+01 1.269658000000000015e+02
1.590000000000000000e+02 3.510468000000000188e+01 1.290320299999999918e+02
1.430000000000000000e+02 3.587796999999999770e+01 1.286529600000000073e+02
2.010000000000000000e+02 3.770738999999999663e+01 1.264463400000000064e+02
1.020000000000000000e+02 3.797395999999999816e+01 1.247123700000000071e+02
1.120000000000000000e+02 3.747771999999999792e+01 1.266248999999999967e+02
1.560000000000000000e+02 3.517293999999999699e+01 1.268915599999999984e+02
1.330000000000000000e+02 3.637198000000000064e+01 1.273721100000000064e+02
1.520000000000000000e+02 3.558236999999999739e+01 1.293346899999999948e+02
9.800000000000000000e+01 3.790187999999999846e+01 1.270606999999999971e+02
1.190000000000000000e+02 3.725746000000000180e+01 1.269830000000000041e+02
2.020000000000000000e+02 3.748863000000000056e+01 1.274944600000000037e+02
2.030000000000000000e+02 3.726398999999999972e+01 1.274842100000000045e+02
9.900000000000000000e+01 3.788589000000000340e+01 1.267664800000000014e+02
1.050000000000000000e+02 3.788589000000000340e+01 1.267664800000000014e+02
1.000000000000000000e+02 3.767712999999999823e+01 1.287183400000000120e+02
1.060000000000000000e+02 3.750708999999999804e+01 1.291243299999999863e+02
1.040000000000000000e+02 3.780456000000000216e+01 1.288553499999999872e+02
9.300000000000000000e+01 3.794738000000000255e+01 1.277544299999999993e+02
9.000000000000000000e+01 3.825084999999999980e+01 1.285647299999999973e+02
1.210000000000000000e+02 3.718126000000000175e+01 1.284574299999999880e+02
1.140000000000000000e+02 3.733749000000000251e+01 1.279465900000000005e+02
2.110000000000000000e+02 3.805986000000000047e+01 1.281671399999999892e+02
2.170000000000000000e+02 3.738148999999999944e+01 1.286459000000000117e+02
9.500000000000000000e+01 3.814786999999999750e+01 1.273041999999999945e+02
1.010000000000000000e+02 3.790261999999999887e+01 1.277356999999999942e+02
2.160000000000000000e+02 3.717038000000000153e+01 1.289892900000000111e+02
2.120000000000000000e+02 3.768359999999999843e+01 1.278804300000000040e+02
2.260000000000000000e+02 3.648760999999999655e+01 1.277341499999999996e+02
2.210000000000000000e+02 3.715928000000000253e+01 1.281943300000000079e+02
1.310000000000000000e+02 3.663924000000000092e+01 1.274406599999999941e+02
1.350000000000000000e+02 3.622025000000000006e+01 1.279945799999999991e+02
1.270000000000000000e+02 3.697044999999999959e+01 1.279525000000000006e+02
2.380000000000000000e+02 3.610562999999999789e+01 1.274817500000000052e+02
2.350000000000000000e+02 3.632724000000000331e+01 1.265574399999999997e+02
2.360000000000000000e+02 3.627241999999999678e+01 1.269207899999999967e+02
1.290000000000000000e+02 3.677658000000000271e+01 1.264938999999999965e+02
2.320000000000000000e+02 3.676216999999999757e+01 1.272928200000000061e+02
1.720000000000000000e+02 3.534823999999999700e+01 1.265990000000000038e+02
2.510000000000000000e+02 3.542660999999999660e+01 1.266970000000000027e+02
1.400000000000000000e+02 3.600529999999999831e+01 1.267613499999999931e+02
2.470000000000000000e+02 3.542130000000000223e+01 1.273965199999999953e+02
2.430000000000000000e+02 3.572961000000000098e+01 1.267165700000000044e+02
2.540000000000000000e+02 3.537131000000000114e+01 1.271286000000000058e+02
2.440000000000000000e+02 3.561202999999999719e+01 1.272855600000000038e+02
2.480000000000000000e+02 3.565695999999999799e+01 1.275203099999999949e+02
1.460000000000000000e+02 3.584091999999999700e+01 1.271171800000000047e+02
2.450000000000000000e+02 3.556336999999999904e+01 1.268390399999999971e+02
2.590000000000000000e+02 3.462890000000000157e+01 1.267671500000000009e+02
2.620000000000000000e+02 3.461825999999999937e+01 1.272757200000000068e+02
2.660000000000000000e+02 3.494339999999999691e+01 1.276914000000000016e+02
1.650000000000000000e+02 3.481732000000000227e+01 1.263815100000000058e+02
2.580000000000000000e+02 3.476335000000000264e+01 1.272122600000000006e+02
1.740000000000000000e+02 3.502040000000000219e+01 1.273693999999999988e+02
1.680000000000000000e+02 3.473928999999999689e+01 1.277406299999999959e+02
2.520000000000000000e+02 3.528365999999999758e+01 1.264778400000000005e+02
1.700000000000000000e+02 3.439589999999999748e+01 1.267018199999999979e+02
2.600000000000000000e+02 3.468885999999999825e+01 1.269195100000000025e+02
1.750000000000000000e+02 3.447211000000000070e+01 1.263238000000000056e+02
2.680000000000000000e+02 3.447296000000000049e+01 1.262584599999999995e+02
2.610000000000000000e+02 3.455375000000000085e+01 1.265690699999999964e+02
1.690000000000000000e+02 3.468719000000000108e+01 1.254510499999999951e+02
2.790000000000000000e+02 3.613054999999999950e+01 1.283205499999999972e+02
2.730000000000000000e+02 3.662727000000000288e+01 1.281487899999999911e+02
2.710000000000000000e+02 3.694360999999999962e+01 1.289144900000000007e+02
1.370000000000000000e+02 3.640836999999999790e+01 1.281574099999999987e+02
1.360000000000000000e+02 3.657292999999999950e+01 1.287073300000000131e+02
2.770000000000000000e+02 3.653336999999999790e+01 1.294092599999999891e+02
2.720000000000000000e+02 3.687183000000000277e+01 1.285168700000000115e+02
2.810000000000000000e+02 3.597742000000000218e+01 1.289514000000000067e+02
1.150000000000000000e+02 3.748129000000000133e+01 1.308986299999999972e+02
1.300000000000000000e+02 3.699175999999999931e+01 1.294127799999999979e+02
2.780000000000000000e+02 3.635609999999999786e+01 1.286886399999999924e+02
2.760000000000000000e+02 3.643509999999999849e+01 1.290400500000000079e+02
1.380000000000000000e+02 3.603200999999999965e+01 1.293800200000000018e+02
2.940000000000000000e+02 3.488817999999999842e+01 1.286045900000000017e+02
2.840000000000000000e+02 3.566738999999999749e+01 1.279098999999999933e+02
2.530000000000000000e+02 3.522981000000000051e+01 1.288907499999999970e+02
2.950000000000000000e+02 3.481662000000000035e+01 1.279264100000000042e+02
2.850000000000000000e+02 3.549146999999999963e+01 1.287441200000000094e+02
2.550000000000000000e+02 3.522655000000000314e+01 1.286725999999999885e+02
2.890000000000000000e+02 3.541299999999999670e+01 1.278790999999999940e+02
2.570000000000000000e+02 3.530736999999999881e+01 1.290200900000000104e+02
2.630000000000000000e+02 3.530736999999999881e+01 1.290200900000000104e+02
1.920000000000000000e+02 3.516378000000000270e+01 1.280400400000000047e+02
1.550000000000000000e+02 3.517018999999999807e+01 1.285728200000000072e+02
1.620000000000000000e+02 3.484541000000000111e+01 1.284356099999999969e+02
2.640000000000000000e+02 3.551138000000000261e+01 1.277453799999999973e+02
2.850000000000000000e+02 3.556504999999999939e+01 1.281699399999999969e+02
1.850000000000000000e+02 3.329381999999999664e+01 1.261628299999999996e+02
1.880000000000000000e+02 3.338676999999999850e+01 1.268802000000000021e+02
1.840000000000000000e+02 3.351411000000000229e+01 1.265296900000000022e+02
