1.850000000000000000e+02 3.900000000000000000e+01
1.160000000000000000e+02 3.300000000000000000e+01
1.600000000000000000e+02 3.500000000000000000e+01
1.430000000000000000e+02 2.900000000000000000e+01
2.730000000000000000e+02 5.900000000000000000e+01
1.020000000000000000e+02 1.750000000000000000e+02
1.080000000000000000e+02 8.200000000000000000e+01
9.000000000000000000e+01 7.300000000000000000e+01
1.190000000000000000e+02 8.400000000000000000e+01
1.360000000000000000e+02 5.600000000000000000e+01
5.010000000000000000e+02 8.300000000000000000e+01
1.210000000000000000e+02 4.000000000000000000e+01
1.150000000000000000e+02 6.000000000000000000e+01
1.520000000000000000e+02 6.000000000000000000e+00
1.300000000000000000e+02 4.400000000000000000e+01
1.460000000000000000e+02 4.600000000000000000e+01
2.680000000000000000e+02 3.200000000000000000e+01
1.920000000000000000e+02 2.000000000000000000e+01
1.350000000000000000e+02 5.000000000000000000e+01
1.690000000000000000e+02 3.700000000000000000e+01
