1.850000000000000000e+02 2.400000000000000000e+01
1.160000000000000000e+02 1.400000000000000000e+01
1.600000000000000000e+02 1.000000000000000000e+01
1.430000000000000000e+02 2.100000000000000000e+01
2.730000000000000000e+02 9.000000000000000000e+00
1.020000000000000000e+02 6.700000000000000000e+01
1.080000000000000000e+02 4.200000000000000000e+01
9.000000000000000000e+01 8.300000000000000000e+01
1.190000000000000000e+02 2.800000000000000000e+01
1.360000000000000000e+02 2.800000000000000000e+01
5.010000000000000000e+02 5.500000000000000000e+01
1.210000000000000000e+02 1.100000000000000000e+01
1.150000000000000000e+02 3.600000000000000000e+01
1.520000000000000000e+02 2.100000000000000000e+01
1.300000000000000000e+02 1.900000000000000000e+01
1.460000000000000000e+02 3.500000000000000000e+01
2.680000000000000000e+02 2.700000000000000000e+01
1.920000000000000000e+02 2.000000000000000000e+01
1.350000000000000000e+02 1.000000000000000000e+01
1.690000000000000000e+02 3.700000000000000000e+01
