1.080000000000000000e+02 -4.549712202098168401e-01 -2.254551216712716410e+00
1.590000000000000000e+02 -2.453686283137217927e+00 3.284725806508704604e+00
1.430000000000000000e+02 -1.792294464516680508e-01 3.575986654402231735e-01
2.010000000000000000e+02 -4.683020701417139442e+00 -1.053241240219222608e+00
1.020000000000000000e+02 2.630813445037831766e+00 4.715805404955570879e+00
1.120000000000000000e+02 -3.596474927932732601e+00 1.592736411062554702e-01
1.560000000000000000e+02 8.233149640121898427e-01 -1.006057886025255810e+00
1.330000000000000000e+02 -3.396670765269802938e+00 1.504251054892412898e-01
1.520000000000000000e+02 -2.731762075826664304e+00 -6.143907234612131507e-01
9.800000000000000000e+01 -1.075376678710008305e+00 -2.145591992641338930e+00
1.190000000000000000e+02 -7.617251474195891880e-01 -1.519794328120948279e+00
2.020000000000000000e+02 -8.961472322583402539e-02 1.787993327201115867e-01
2.030000000000000000e+02 -1.792294464516680508e-01 3.575986654402231735e-01
9.900000000000000000e+01 -3.122013800944759776e+00 -7.021608268128152197e-01
1.050000000000000000e+02 -1.523164519832865382e+00 -7.547845377690399538e+00
1.000000000000000000e+02 -5.146756593897579002e+00 6.889912667310941430e+00
1.060000000000000000e+02 -8.505983682183533290e-01 -4.215030535593339067e+00
1.040000000000000000e+02 -1.120184040322925290e+00 -2.234991659001394737e+00
9.300000000000000000e+01 -4.295789497252986422e+00 1.902435157658051434e-01
9.000000000000000000e+01 -1.855226214079360059e+00 2.483573170774874495e+00
1.210000000000000000e+02 -8.961472322583402539e-02 1.787993327201115867e-01
1.140000000000000000e+02 7.795002800112094121e-01 1.397275675542391404e+00
2.110000000000000000e+02 3.166596015431499378e+00 -3.869453407789445354e+00
2.170000000000000000e+02 4.559898262221358856e+00 5.572012907216801203e+00
9.500000000000000000e+01 -8.065325090325062840e-01 -1.609193994481004086e+00
1.010000000000000000e+02 1.203306485863969710e+00 -1.470392294959989243e+00
2.160000000000000000e+02 -3.902517251180949387e+00 -8.777010335160189136e-01
2.120000000000000000e+02 -9.452351299740695545e-01 7.392770448640373360e-01
2.260000000000000000e+02 6.754762199444792614e-01 1.836623975927501318e-01
2.210000000000000000e+02 -5.984600690578580906e-01 8.011526357338304427e-01
1.310000000000000000e+02 -2.967203610064023112e-01 -1.470359489160467437e+00
1.350000000000000000e+02 -2.094610241702503206e+00 2.804034225068406716e+00
1.270000000000000000e+02 -6.002442554870357494e-01 6.706018444314140181e-01
2.380000000000000000e+02 -1.181543912467586832e+00 9.240963060800466700e-01
2.350000000000000000e+02 -2.150753357420016609e+00 -4.291183985282677860e+00
2.360000000000000000e+02 2.701904879777917046e+00 7.346495903710005271e-01
1.290000000000000000e+02 -4.017249302389795496e+00 3.141927440672158678e+00
2.320000000000000000e+02 -1.498531219971972028e+00 6.636401712760645055e-02
1.720000000000000000e+02 -1.254606125161676244e+00 -2.503190658081561715e+00
2.510000000000000000e+02 1.447449042738170100e+00 3.935622805558931514e-01
1.400000000000000000e+02 2.701904879777917046e+00 7.346495903710005271e-01
2.470000000000000000e+02 1.575011121012007909e+00 2.816735143539382813e-01
2.430000000000000000e+02 3.473877702571607884e+00 9.445494733341436300e-01
2.540000000000000000e+02 4.824830142460566629e-01 1.311874268519643838e-01
2.440000000000000000e+02 -8.961472322583402539e-02 1.787993327201115867e-01
2.480000000000000000e+02 -8.961472322583402539e-01 -1.787993327201115701e+00
1.460000000000000000e+02 2.508911674079494780e+00 6.821746196302148624e-01
2.450000000000000000e+02 -2.197845789292225849e+00 9.733389178715612378e-02
2.590000000000000000e+02 2.650871358137845135e-01 1.067580821495985877e+00
2.620000000000000000e+02 -3.584588929033361016e-01 -7.151973308804463469e-01
2.660000000000000000e+02 -6.721104241937552182e-01 -1.340994995400836665e+00
1.650000000000000000e+02 1.013310724938079721e+00 -1.238225090492622638e+00
2.580000000000000000e+02 -2.634199144547141103e+00 -5.924481976233128000e-01
1.740000000000000000e+02 -1.344220848387510381e-01 2.681989990801673662e-01
1.680000000000000000e+02 5.359064425077064708e-01 9.606270269353941460e-01
2.520000000000000000e+02 -8.961472322583402539e-01 -1.787993327201115701e+00
1.700000000000000000e+02 -2.633224303854575954e+00 3.525071597228854436e+00
2.600000000000000000e+02 -8.961472322583402539e-02 1.787993327201115867e-01
1.750000000000000000e+02 2.630813445037831766e+00 4.715805404955570879e+00
2.680000000000000000e+02 -7.121288664153655468e-01 -3.528862773985121493e+00
2.610000000000000000e+02 -4.480736161291701269e-02 8.939966636005579337e-02
1.690000000000000000e+02 -6.725661516145119423e-01 -3.332814842097059138e+00
2.790000000000000000e+02 3.897501400056047061e-01 6.986378377711957022e-01
2.730000000000000000e+02 2.650871358137845135e-01 1.067580821495985877e+00
2.710000000000000000e+02 -1.792294464516680508e-01 3.575986654402231735e-01
1.370000000000000000e+02 -1.795380207173574272e+00 2.403457907201491217e+00
1.360000000000000000e+02 2.448492370880351598e-01 -5.477671504365765331e-01
2.770000000000000000e+02 -4.488450517933936013e+00 6.008644768003728487e+00
2.720000000000000000e+02 2.891859663423103632e-01 1.164633623450166411e+00
2.810000000000000000e+02 8.769378150126105886e-01 1.571935134985190441e+00
1.150000000000000000e+02 -1.859447595640121298e+00 -9.214252798738929329e+00
1.300000000000000000e+02 -3.530914407441362979e+00 4.726800550829599601e+00
2.780000000000000000e+02 6.890673654427533767e-01 1.232321625298479773e-01
2.760000000000000000e+02 -0.000000000000000000e+00 0.000000000000000000e+00
1.380000000000000000e+02 -1.107756014423902036e+00 -5.489342092865744149e+00
2.940000000000000000e+02 -5.934407220128046223e-01 -2.940718978320934873e+00
2.840000000000000000e+02 9.843819506325048874e-01 1.760459464712114119e-01
2.530000000000000000e+02 -1.792294464516680508e-01 3.575986654402231735e-01
2.950000000000000000e+02 1.169250420016814118e+00 2.095913513313587107e+00
2.850000000000000000e+02 -4.154085054089632911e-01 -2.058503284824654500e+00
2.550000000000000000e+02 -6.829405189566660761e-01 -1.535976808653032877e-01
2.890000000000000000e+02 -1.073192244074761215e+00 -2.413677842169052179e-01
2.570000000000000000e+02 -1.498531219971972028e+00 6.636401712760645055e-02
2.630000000000000000e+02 -2.048821556869998339e+00 -4.607930425959099741e-01
1.920000000000000000e+02 -6.002442554870357494e-01 6.706018444314140181e-01
1.550000000000000000e+02 -4.878146563976186734e-01 -1.097126291895023642e-01
1.620000000000000000e+02 -1.186881444025609245e+00 -5.881437956641869746e+00
2.640000000000000000e+02 1.364125490019616471e+00 2.445232432199184736e+00
2.850000000000000000e+02 -4.154085054089632911e-01 -2.058503284824654500e+00
1.850000000000000000e+02 1.997469467528723897e+00 3.580518918577377807e+00
1.880000000000000000e+02 9.843819506325048874e-01 1.760459464712114119e-01
1.840000000000000000e+02 -1.615842186456216911e+00 2.163112116481342273e+00
