1.080000000000000000e+02 -4.154085054089632911e-01 -2.058503284824654500e+00
1.590000000000000000e+02 -7.317219845964279656e+00 -1.645689437842535519e+00
1.430000000000000000e+02 -0.000000000000000000e+00 0.000000000000000000e+00
2.010000000000000000e+02 -2.439073281988093367e+00 -5.485631459475117655e-01
1.020000000000000000e+02 9.880520516695603384e-01 3.979164880121401460e+00
1.120000000000000000e+02 -3.219576732224282978e+00 -7.241033526507155704e-01
1.560000000000000000e+02 -2.097943707960761017e+00 9.290962397864903355e-02
1.330000000000000000e+02 -3.296768683938338107e+00 1.460008376807341857e-01
1.520000000000000000e+02 -8.664655358095638693e-01 6.776706244587009653e-01
9.800000000000000000e+01 -2.146384488149522429e+00 -4.827355684338104358e-01
1.190000000000000000e+02 -8.961472322583402539e-02 1.787993327201115867e-01
2.020000000000000000e+02 -8.961472322583402539e-02 1.787993327201115867e-01
2.030000000000000000e+02 -1.344220848387510381e-01 2.681989990801673662e-01
9.900000000000000000e+01 -1.365881037913332152e+00 -3.071953617306065754e-01
1.050000000000000000e+02 -5.694418635893494063e+00 2.521832650849045176e-01
1.000000000000000000e+02 -7.001982807976939505e+00 9.373485838085816368e+00
1.060000000000000000e+02 -2.363087824935173664e+00 1.848192612160093340e+00
1.040000000000000000e+02 2.991394688325551332e+00 8.133620464821792462e-01
9.300000000000000000e+01 -3.196866602606873720e+00 1.415765698722270816e-01
9.000000000000000000e+01 -2.393840276231432362e+00 3.204610542935321771e+00
1.210000000000000000e+02 -1.181543912467586832e+00 9.240963060800466700e-01
1.140000000000000000e+02 -5.984600690578580906e-01 8.011526357338304427e-01
2.110000000000000000e+02 2.533276812345199414e+00 -3.095562726231556372e+00
2.170000000000000000e+02 3.736583298209169346e+00 4.565955021191546059e+00
9.500000000000000000e+01 -5.376883393550041523e-01 -1.072795996320669465e+00
1.010000000000000000e+02 -1.613065018065012568e+00 -3.218387988962008173e+00
2.160000000000000000e+02 -2.034764234796717641e+00 2.723918961495023439e+00
2.120000000000000000e+02 -8.976901035867871359e-01 1.201728953600745609e+00
2.260000000000000000e+02 5.066553624690398605e-01 -6.191125452463113188e-01
2.210000000000000000e+02 -1.268318106633808506e+00 -2.852528358927061691e-01
1.310000000000000000e+02 -3.758457906081095756e-01 -1.862455352936591924e+00
1.350000000000000000e+02 1.900031932527322942e+00 3.405859459134578771e+00
1.270000000000000000e+02 -1.792294464516680508e-01 3.575986654402231735e-01
2.380000000000000000e+02 7.753559174454447422e-01 -1.734595976382492521e+00
2.350000000000000000e+02 -2.554019611936269918e+00 -5.095780982523179681e+00
2.360000000000000000e+02 -2.497552033286619899e+00 1.106066952126774083e-01
1.290000000000000000e+02 -2.914474984086714571e+00 2.279437554997448601e+00
2.320000000000000000e+02 -5.994124879887887669e-01 2.654560685104257953e-02
1.720000000000000000e+02 -1.254606125161676244e+00 -2.503190658081561715e+00
2.510000000000000000e+02 1.013310724938079721e+00 -1.238225090492622638e+00
1.400000000000000000e+02 2.849936413888349396e+00 -3.482508067010500863e+00
2.470000000000000000e+02 2.362516681518011641e+00 4.225102715309073664e-01
2.430000000000000000e+02 -1.837101826129597271e+00 -3.665386320762286765e+00
2.540000000000000000e+02 -0.000000000000000000e+00 0.000000000000000000e+00
2.440000000000000000e+02 -5.513871591515405735e-01 4.312449428373550941e-01
2.480000000000000000e+02 -9.857619554841743348e-01 -1.966792659921227537e+00
1.460000000000000000e+02 2.412415071230283203e+00 6.559371342598219190e-01
2.450000000000000000e+02 -5.736593646123777646e-01 -2.842695012376903474e+00
2.590000000000000000e+02 -4.480736161291701269e-02 8.939966636005579337e-02
2.620000000000000000e+02 -6.829405189566660761e-01 -1.535976808653032877e-01
2.660000000000000000e+02 -3.758457906081095756e-01 -1.862455352936591924e+00
1.650000000000000000e+02 -3.896181171927127096e+00 1.725464445317767548e-01
2.580000000000000000e+02 -1.756132763031427180e+00 -3.949654650822085333e-01
1.740000000000000000e+02 -7.992166506517184299e-01 3.539414246805677039e-02
1.680000000000000000e+02 1.656438095023820001e+00 2.969210810527581845e+00
2.520000000000000000e+02 -1.389028210000427421e+00 -2.771389657161729581e+00
1.700000000000000000e+02 -1.735534200267788485e+00 2.323342643628108384e+00
2.600000000000000000e+02 -0.000000000000000000e+00 0.000000000000000000e+00
1.750000000000000000e+02 3.556470027551142721e+00 6.375070269662161060e+00
2.680000000000000000e+02 -8.961472322583402539e-02 1.787993327201115867e-01
2.610000000000000000e+02 -8.961472322583402539e-02 1.787993327201115867e-01
1.690000000000000000e+02 -6.273030625808381222e-01 -1.251595329040780857e+00
2.790000000000000000e+02 -1.344220848387510381e-01 2.681989990801673662e-01
2.730000000000000000e+02 -7.876959416450579621e-01 6.160642040533644836e-01
2.710000000000000000e+02 -3.584588929033361016e-01 -7.151973308804463469e-01
1.370000000000000000e+02 -1.795380207173574272e+00 2.403457907201491217e+00
1.360000000000000000e+02 3.166596015431499267e-01 3.869453407789445465e-01
2.770000000000000000e+02 -2.752916317666147084e+00 3.685302124375619659e+00
2.720000000000000000e+02 1.329970326481229703e+00 -1.625170431271567129e+00
2.810000000000000000e+02 -0.000000000000000000e+00 0.000000000000000000e+00
1.150000000000000000e+02 -8.891285238500367782e+00 3.937598349571316270e-01
1.300000000000000000e+02 -8.308170108179265823e-01 -4.117006569649309000e+00
2.780000000000000000e+02 -1.344220848387510381e-01 2.681989990801673662e-01
2.760000000000000000e+02 6.999999999999999556e-01 -0.000000000000000000e+00
1.380000000000000000e+02 -9.495051552204873957e-01 -4.705150365313495620e+00
2.940000000000000000e+02 -5.594516554562028787e+00 2.477589972763973858e-01
2.840000000000000000e+02 -8.961472322583402539e-02 1.787993327201115867e-01
2.530000000000000000e+02 -5.335504493218095057e-01 5.960905283834790902e-01
2.950000000000000000e+02 -1.615842186456216911e+00 2.163112116481342273e+00
2.850000000000000000e+02 -4.154085054089632911e-01 -2.058503284824654500e+00
2.550000000000000000e+02 7.875055605060039543e-01 1.408367571769691406e-01
2.890000000000000000e+02 -3.362830758072559711e-01 -1.666407421048529569e+00
2.570000000000000000e+02 -1.998041626629295964e+00 8.848535617014192944e-02
2.630000000000000000e+02 -2.571576462055487067e-01 -1.274311557272405082e+00
1.920000000000000000e+02 2.448492370880351598e-01 5.477671504365765331e-01
1.550000000000000000e+02 -4.945339350106705556e-01 -2.450599148600778765e+00
1.620000000000000000e+02 1.836625688950269453e+00 -2.244282976517878225e+00
2.640000000000000000e+02 -2.993244578251220034e+00 2.341043975402784749e+00
2.850000000000000000e+02 -4.154085054089632911e-01 -2.058503284824654500e+00
1.850000000000000000e+02 -2.520627013264185479e+00 1.971405452970766525e+00
1.880000000000000000e+02 9.843819506325048874e-01 1.760459464712114119e-01
1.840000000000000000e+02 -1.780322166038413867e-01 -8.822156934962803732e-01
