1.080000000000000000e+02 -3.296768683938338107e+00 1.460008376807341857e-01
1.590000000000000000e+02 -3.231684372912433822e+00 4.326224232962684546e+00
1.430000000000000000e+02 -1.496622289125610017e+00 1.170521987701392375e+00
2.010000000000000000e+02 -5.951338808050947726e+00 -1.338494076111928832e+00
1.020000000000000000e+02 -2.077042527044816289e+00 -1.029251642412327072e+01
1.120000000000000000e+02 -5.694418635893494063e+00 2.521832650849045176e-01
1.560000000000000000e+02 -2.297747870623690236e+00 1.017581595956632140e-01
1.330000000000000000e+02 -2.397649951955155068e+00 1.061824274041703181e-01
1.520000000000000000e+02 -1.186881444025609245e-01 -5.881437956641869524e-01
9.800000000000000000e+01 -1.702679741290846316e+00 -3.397187321682119787e+00
1.190000000000000000e+02 8.684694256429019710e-01 2.361373683335359075e-01
2.020000000000000000e+02 -1.098922894646112924e+00 4.866694589357806189e-02
2.030000000000000000e+02 2.040410309066959804e-01 -4.564726253638138331e-01
9.900000000000000000e+01 -3.219576732224282978e+00 -7.241033526507155704e-01
1.050000000000000000e+02 -2.294637458449511058e+00 -1.137078004950761390e+01
1.000000000000000000e+02 -3.512265526062854359e+00 -7.899309301644170667e-01
1.060000000000000000e+02 -8.878226746436659766e+00 -1.996769851248942906e+00
1.040000000000000000e+02 -8.390412090039040649e+00 -1.887057222059440598e+00
9.300000000000000000e+01 -3.758457906081095756e-01 -1.862455352936591924e+00
9.000000000000000000e+01 -3.590760414347148544e+00 4.806915814402982434e+00
1.210000000000000000e+02 -1.792294464516680508e-01 3.575986654402231735e-01
1.140000000000000000e+02 -3.560644332076827734e-01 -1.764431386992560746e+00
2.110000000000000000e+02 3.483255616974649360e+00 -4.256398748568390289e+00
2.170000000000000000e+02 3.445336827213766995e+00 6.161608126492399418e-01
9.500000000000000000e+01 -1.898139545297831132e+00 8.406108836163482534e-02
1.010000000000000000e+02 -1.299413486774593229e+00 -2.592590324441617522e+00
2.160000000000000000e+02 -7.516915812162191513e-01 -3.724910705873183847e+00
2.120000000000000000e+02 6.890673654427533767e-01 1.232321625298479773e-01
2.260000000000000000e+02 -4.480736161291701269e-02 8.939966636005579337e-02
2.210000000000000000e+02 -3.165017184068291689e-01 -1.568383455104498614e+00
1.310000000000000000e+02 -1.798237463966366301e+00 7.963682055312773511e-02
1.350000000000000000e+02 -2.992300345289290675e+00 4.005763178669152325e+00
1.270000000000000000e+02 1.199999999999999956e+00 -0.000000000000000000e+00
2.380000000000000000e+02 -8.664655358095638693e-01 6.776706244587009653e-01
2.350000000000000000e+02 -2.061138634194182639e+00 -4.112384652562565357e+00
2.360000000000000000e+02 7.599830437035598463e-01 -9.286688178694668672e-01
1.290000000000000000e+02 -3.623401331567266404e+00 2.833895338645476603e+00
2.320000000000000000e+02 -1.780322166038413867e-01 -8.822156934962803732e-01
1.720000000000000000e+02 -1.898139545297831132e+00 8.406108836163482534e-02
2.510000000000000000e+02 9.649660284921133258e-01 2.623748537039287676e-01
1.400000000000000000e+02 2.701904879777917046e+00 7.346495903710005271e-01
2.470000000000000000e+02 1.082820145695755354e+00 1.936505411183325753e-01
2.430000000000000000e+02 -8.961472322583402539e-01 -1.787993327201115701e+00
2.540000000000000000e+02 9.743753500140117652e-01 1.746594594427989255e+00
2.440000000000000000e+02 -8.961472322583402539e-02 1.787993327201115867e-01
2.480000000000000000e+02 1.456634167098489474e+00 -1.779948567583144792e+00
1.460000000000000000e+02 1.833435454135015297e+00 4.985122220374646473e-01
2.450000000000000000e+02 -3.096964521275408888e+00 1.371523020637200052e-01
2.590000000000000000e+02 -1.417852694961104332e+00 1.108915567296056004e+00
2.620000000000000000e+02 -7.779980897752155622e-01 1.041498426453979720e+00
2.660000000000000000e+02 -1.951258625590474693e+00 -4.388505167580094568e-01
1.650000000000000000e+02 -1.120184040322925290e+00 -2.234991659001394737e+00
2.580000000000000000e+02 -1.170755175354284860e+00 -2.633103100548056519e-01
1.740000000000000000e+02 3.855812884564138177e-01 1.552844831266888548e+00
1.680000000000000000e+02 -4.975709495255710380e+00 -1.119068817732923993e+00
2.520000000000000000e+02 -1.523450294839178376e+00 -3.039588656241896558e+00
1.700000000000000000e+02 -2.693070310760361519e+00 3.605186860802236826e+00
2.600000000000000000e+02 -4.480736161291701269e-02 8.939966636005579337e-02
1.750000000000000000e+02 3.264157422546939635e+00 5.851091891333764394e+00
2.680000000000000000e+02 -1.344220848387510381e-01 2.681989990801673662e-01
2.610000000000000000e+02 -0.000000000000000000e+00 0.000000000000000000e+00
1.690000000000000000e+02 -2.016331272581265655e+00 -4.022984986202509994e+00
2.790000000000000000e+02 3.897501400056047061e-01 6.986378377711957022e-01
2.730000000000000000e+02 3.373836273993620627e-01 1.358739227358527479e+00
2.710000000000000000e+02 4.921909753162524437e-01 8.802297323560570597e-02
1.370000000000000000e+02 -1.853695694310950826e+00 -4.169079909201089396e-01
1.360000000000000000e+02 -1.417852694961104332e+00 1.108915567296056004e+00
2.770000000000000000e+02 -2.573378296948789501e+00 3.444956333655470715e+00
2.720000000000000000e+02 -1.792294464516680508e-01 3.575986654402231735e-01
2.810000000000000000e+02 1.559000560022418824e+00 2.794551351084782809e+00
1.150000000000000000e+02 -2.156167956646523720e+00 -1.068461228789939632e+01
1.300000000000000000e+02 1.899957609258899449e+00 -2.321672044673667390e+00
2.780000000000000000e+02 -3.590760414347148322e-01 4.806915814402982212e-01
2.760000000000000000e+02 -3.362830758072559711e-01 -1.666407421048529569e+00
1.380000000000000000e+02 -1.008849227421767747e+00 -4.999222263145588485e+00
2.940000000000000000e+02 1.315406722518915883e+00 2.357902702477785439e+00
2.840000000000000000e+02 -8.961472322583402539e-02 1.787993327201115867e-01
2.530000000000000000e+02 -9.756293127952373467e-01 -2.194252583790047284e-01
2.950000000000000000e+02 -1.073192244074761215e+00 -2.413677842169052179e-01
2.850000000000000000e+02 -2.797258277281014394e+00 1.238794986381986929e-01
2.550000000000000000e+02 -9.990208133146479819e-01 4.424267808507096472e-02
2.890000000000000000e+02 -8.961472322583402539e-02 1.787993327201115867e-01
2.570000000000000000e+02 -1.268318106633808506e+00 -2.852528358927061691e-01
2.630000000000000000e+02 2.923126050042035295e-01 5.239783783283967766e-01
1.920000000000000000e+02 1.157959234190536035e+00 3.148498244447144878e-01
1.550000000000000000e+02 2.448492370880351598e-01 -5.477671504365765331e-01
1.620000000000000000e+02 -2.997062439943944057e+00 1.327280342552129011e-01
2.640000000000000000e+02 1.656438095023820001e+00 2.969210810527581845e+00
2.850000000000000000e+02 -2.797258277281014394e+00 1.238794986381986929e-01
1.850000000000000000e+02 2.241063305032227060e+00 4.017167567184374732e+00
1.880000000000000000e+02 1.023094117514712353e+00 1.833924324149388774e+00
1.840000000000000000e+02 -4.195206045019520325e+00 -9.435286110297202988e-01
