1.080000000000000000e+02 -2.926887938385712040e+00 -6.582757751370141852e-01
1.590000000000000000e+02 -6.634279327007614135e+00 -1.492091756977232064e+00
1.430000000000000000e+02 -1.555996179550431124e+00 2.082996852907959440e+00
2.010000000000000000e+02 -7.714729386166460090e-01 -3.822934671817214802e+00
1.020000000000000000e+02 1.590522814882706859e+00 6.405484928975915260e+00
1.120000000000000000e+02 -6.923475090149388000e-01 -3.430838808041090537e+00
1.560000000000000000e+02 -2.697356195949549562e+00 1.194552308296916165e-01
1.330000000000000000e+02 -4.945339350106705556e-01 -2.450599148600778765e+00
1.520000000000000000e+02 -5.143152924110974133e-01 -2.548623114544810164e+00
9.800000000000000000e+01 -2.829325007106188394e+00 -6.363332492991137235e-01
1.190000000000000000e+02 -3.414702594783330714e+00 -7.679884043265166049e-01
2.020000000000000000e+02 6.333192030862998534e-01 -7.738906815578890930e-01
2.030000000000000000e+02 4.488902679947311958e-01 -1.004239775800390477e+00
9.900000000000000000e+01 7.470637463843018411e-01 3.008636860579596561e+00
1.050000000000000000e+02 -9.890678700213411112e-01 -4.901198297201557530e+00
1.000000000000000000e+02 -4.967218573180222307e+00 6.649566876590792930e+00
1.060000000000000000e+02 -1.795380207173574272e+00 2.403457907201491217e+00
1.040000000000000000e+02 1.157959234190536035e+00 3.148498244447144878e-01
9.300000000000000000e+01 -1.075376678710008305e+00 -2.145591992641338930e+00
9.000000000000000000e+01 2.289782072532927870e+00 4.104497296905774917e+00
1.210000000000000000e+02 -1.102774318303081147e+00 8.624898856747101883e-01
1.140000000000000000e+02 -1.792294464516680508e-01 3.575986654402231735e-01
2.110000000000000000e+02 -2.329982803871684549e+00 -4.648782650722901089e+00
2.170000000000000000e+02 3.132847968708362130e-01 1.261686425404346945e+00
9.500000000000000000e+01 -4.945339350106705556e-01 -2.450599148600778765e+00
1.010000000000000000e+02 2.216617210802049431e+00 -2.708617385452611881e+00
2.160000000000000000e+02 -3.317139663503807068e+00 -7.460458784886160322e-01
2.120000000000000000e+02 -1.855226214079360059e+00 2.483573170774874495e+00
2.260000000000000000e+02 -8.961472322583402539e-02 1.787993327201115867e-01
2.210000000000000000e+02 -4.549712202098168401e-01 -2.254551216712716410e+00
1.310000000000000000e+02 -2.243947419429045631e+00 -5.046780942717108420e-01
1.350000000000000000e+02 -4.390331907578568504e+00 -9.874136627055212223e-01
1.270000000000000000e+02 -1.316612151927287977e+00 1.762535798614427218e+00
2.380000000000000000e+02 -3.414702594783330714e+00 -7.679884043265166049e-01
2.350000000000000000e+02 -4.495593659915916085e+00 1.990920513828193517e-01
2.360000000000000000e+02 -5.538780072119510178e-01 -2.744671046432872075e+00
1.290000000000000000e+02 1.169250420016814118e+00 2.095913513313587107e+00
2.320000000000000000e+02 -1.463443969192856020e+00 -3.291378875685070926e-01
1.720000000000000000e+02 -3.804954319901425741e+00 -8.557585076781184519e-01
2.510000000000000000e+02 -4.747525776102436978e-01 -2.352575182656747810e+00
1.400000000000000000e+02 -9.099424404196336802e-01 -4.509102433425432821e+00
2.470000000000000000e+02 -1.344220848387510381e-01 2.681989990801673662e-01
2.430000000000000000e+02 -4.975709495255710380e+00 -1.119068817732923993e+00
2.540000000000000000e+02 4.488902679947311958e-01 -1.004239775800390477e+00
2.440000000000000000e+02 2.343281051419309424e+00 -2.863395521764189766e+00
2.480000000000000000e+02 1.646629928024379685e+00 -2.012115772050511620e+00
1.460000000000000000e+02 -4.549712202098168401e-01 -2.254551216712716410e+00
2.450000000000000000e+02 -9.099424404196336802e-01 -4.509102433425432821e+00
2.590000000000000000e+02 -1.698335382634901469e+00 7.521255274462064488e-02
2.620000000000000000e+02 2.241063305032227060e+00 4.017167567184374732e+00
2.660000000000000000e+02 -1.974918227890931632e+00 2.643803697921640161e+00
1.650000000000000000e+02 -1.795380207173574272e+00 2.403457907201491217e+00
2.580000000000000000e+02 -1.926716549355431463e+00 -3.844185653482398379e+00
1.740000000000000000e+02 7.470637463843018411e-01 3.008636860579596561e+00
1.680000000000000000e+02 3.118001120044837648e+00 5.589102702169565617e+00
2.520000000000000000e+02 -3.512265526062854359e+00 -7.899309301644170667e-01
1.700000000000000000e+02 1.315406722518915883e+00 2.357902702477785439e+00
2.600000000000000000e+02 -1.675688193362002476e+00 2.243227380054725106e+00
1.750000000000000000e+02 2.241063305032227060e+00 4.017167567184374732e+00
2.680000000000000000e+02 -2.146384488149522429e+00 -4.827355684338104358e-01
2.610000000000000000e+02 -2.926887938385712040e+00 -6.582757751370141852e-01
1.690000000000000000e+02 -1.855226214079360059e+00 2.483573170774874495e+00
2.790000000000000000e+02 2.409883052852586360e-01 9.705280195418053424e-01
2.730000000000000000e+02 -2.678166201593196849e+00 2.094618293781439267e+00
2.710000000000000000e+02 -1.811700665783633202e+00 1.416947669322738301e+00
1.370000000000000000e+02 -1.735534200267788485e+00 2.323342643628108384e+00
1.360000000000000000e+02 1.656438095023820001e+00 2.969210810527581845e+00
2.770000000000000000e+02 -6.330034368136583378e-01 -3.136766910208997228e+00
2.720000000000000000e+02 -3.780940519896278218e+00 2.957108179456149344e+00
2.810000000000000000e+02 -2.034764234796717641e+00 2.723918961495023439e+00
1.150000000000000000e+02 -1.681415379036279800e+00 -8.332037105242648067e+00
1.300000000000000000e+02 -1.087974657023475178e+00 -5.391318126921713194e+00
2.780000000000000000e+02 3.672738556320527814e-01 8.216507256548649663e-01
2.760000000000000000e+02 -2.693070310760361519e+00 3.605186860802236826e+00
1.380000000000000000e+02 -7.912542960170728668e-01 -3.920958637761246202e+00
2.940000000000000000e+02 -7.319102238157924045e-01 -3.626886739929152892e+00
2.840000000000000000e+02 -2.097943707960761017e+00 9.290962397864903355e-02
2.530000000000000000e+02 -1.017382117398358821e+00 1.361959480747511719e+00
2.950000000000000000e+02 1.559000560022418824e+00 2.794551351084782809e+00
2.850000000000000000e+02 -1.316612151927287977e+00 1.762535798614427218e+00
2.550000000000000000e+02 -2.967203610064023112e-01 -1.470359489160467437e+00
2.890000000000000000e+02 -2.134201797287238023e+00 2.384362113533916361e+00
2.570000000000000000e+02 -3.317139663503807068e+00 -7.460458784886160322e-01
2.630000000000000000e+02 -2.146384488149522429e+00 -4.827355684338104358e-01
1.920000000000000000e+02 6.121230927200879135e-01 1.369417876091441499e+00
1.550000000000000000e+02 2.899999999999999911e+00 -0.000000000000000000e+00
1.620000000000000000e+02 -1.478642933226261391e+00 -2.950188989881840751e+00
2.640000000000000000e+02 -2.274148262419860789e+00 3.044380015788555660e+00
2.850000000000000000e+02 -1.316612151927287977e+00 1.762535798614427218e+00
1.850000000000000000e+02 1.108546204312189642e+00 4.464428889892304575e+00
1.880000000000000000e+02 -7.714729386166460090e-01 -3.822934671817214802e+00
1.840000000000000000e+02 -4.487894838858091262e+00 -1.009356188543421684e+00
