1.080000000000000000e+02 -3.512265526062854359e+00 -7.899309301644170667e-01
1.590000000000000000e+02 -1.424257732830731094e+00 -7.057725547970242985e+00
1.430000000000000000e+02 2.630813445037831766e+00 4.715805404955570879e+00
2.010000000000000000e+02 -2.333994269325646354e+00 3.124495279361938493e+00
1.020000000000000000e+02 2.679532212538532576e+00 4.803135134676970175e+00
1.120000000000000000e+02 -3.650606421252934108e+00 4.887031077976365268e+00
1.560000000000000000e+02 -2.048821556869998339e+00 -4.607930425959099741e-01
1.330000000000000000e+02 -3.956271480085364334e-01 -1.960479318880623101e+00
1.520000000000000000e+02 -1.017382117398358821e+00 1.361959480747511719e+00
9.800000000000000000e+01 -3.111992359100862249e+00 4.165993705815918879e+00
1.190000000000000000e+02 2.338500840033628236e+00 4.191827026627174213e+00
2.020000000000000000e+02 1.802594397525921766e+00 3.231199999691780178e+00
2.030000000000000000e+02 -2.453686283137217927e+00 3.284725806508704604e+00
9.900000000000000000e+01 -3.229553360744737311e+00 2.525863236618794083e+00
1.050000000000000000e+02 2.756269461771013507e+00 4.929286501193919090e-01
1.000000000000000000e+02 -3.171838366006647814e+00 4.246108969389300825e+00
1.060000000000000000e+02 1.224246185440175827e+00 2.738835752182882999e+00
1.040000000000000000e+02 2.067202096328260463e+00 3.696964875895439873e-01
9.300000000000000000e+01 -5.463524151653328609e+00 -1.228781446922426301e+00
9.000000000000000000e+01 5.699872827776698569e-01 6.965016134021001504e-01
1.210000000000000000e+02 -3.512265526062854359e+00 -7.899309301644170667e-01
1.140000000000000000e+02 -3.512265526062854359e+00 -7.899309301644170667e-01
2.110000000000000000e+02 2.659940652962459406e+00 -3.250340862543134257e+00
2.170000000000000000e+02 -3.934934563748345493e+00 4.396167646828158304e+00
9.500000000000000000e+01 2.192344537531526250e+00 3.929837837462975880e+00
1.010000000000000000e+02 -2.926887938385712040e+00 -6.582757751370141852e-01
2.160000000000000000e+02 -2.048821556869998339e+00 -4.607930425959099741e-01
2.120000000000000000e+02 -2.453686283137217927e+00 3.284725806508704604e+00
2.260000000000000000e+02 2.192344537531526250e+00 3.929837837462975880e+00
2.210000000000000000e+02 -2.932454338383504666e+00 3.925647915095769491e+00
1.310000000000000000e+02 -2.363087824935173664e+00 1.848192612160093340e+00
1.350000000000000000e+02 -4.488450517933936013e+00 6.008644768003728487e+00
1.270000000000000000e+02 -2.693070310760361519e+00 3.605186860802236826e+00
2.380000000000000000e+02 -2.333994269325646354e+00 3.124495279361938493e+00
2.350000000000000000e+02 -1.073192244074761215e+00 -2.413677842169052179e-01
2.360000000000000000e+02 1.900031932527322942e+00 3.405859459134578771e+00
1.290000000000000000e+02 1.084447373783663959e+00 4.367376087938124485e+00
2.320000000000000000e+02 -1.915072220985146068e+00 2.563688434348257772e+00
1.720000000000000000e+02 -3.938479708225290032e+00 3.080321020266822529e+00
2.510000000000000000e+02 -3.024450869665235686e+00 -6.802183009749146470e-01
1.400000000000000000e+02 1.851313165026622354e+00 3.318529729413179474e+00
2.470000000000000000e+02 -3.596474927932732601e+00 1.592736411062554702e-01
2.430000000000000000e+02 -2.214302255514075224e+00 2.964264752215172827e+00
2.540000000000000000e+02 -3.465862143238255477e+00 2.710682497834803861e+00
2.440000000000000000e+02 2.094907002530125073e+00 3.755178378020176844e+00
2.480000000000000000e+02 2.143625770030825883e+00 3.842508107741576584e+00
1.460000000000000000e+02 -2.393840276231432362e+00 3.204610542935321771e+00
2.450000000000000000e+02 -2.520627013264185479e+00 1.971405452970766525e+00
2.590000000000000000e+02 2.094907002530125073e+00 3.755178378020176844e+00
2.620000000000000000e+02 -3.122013800944759776e+00 -7.021608268128152197e-01
2.660000000000000000e+02 -2.453686283137217927e+00 3.284725806508704604e+00
1.650000000000000000e+02 -3.150783766580231848e+00 2.464256816213457935e+00
2.580000000000000000e+02 2.874407282541334929e+00 5.152454053562568248e+00
1.740000000000000000e+02 2.387219607534329047e+00 4.279156756348574397e+00
1.680000000000000000e+02 -6.341590533169043198e+00 -1.426264179463530679e+00
2.520000000000000000e+02 5.542731021560948212e-01 2.232214444946152287e+00
1.700000000000000000e+02 -2.812762324571933092e+00 3.765417387949003380e+00
2.600000000000000000e+02 1.851313165026622354e+00 3.318529729413179474e+00
1.750000000000000000e+02 -3.229553360744737311e+00 2.525863236618794083e+00
2.680000000000000000e+02 -2.126779042441656831e+00 1.663373350944084228e+00
2.610000000000000000e+02 1.851313165026622354e+00 3.318529729413179474e+00
1.690000000000000000e+02 1.132645034840715548e+00 4.561481691846485553e+00
2.790000000000000000e+02 1.802594397525921766e+00 3.231199999691780178e+00
2.730000000000000000e+02 2.046188235029424707e+00 3.667848648298777547e+00
2.710000000000000000e+02 -1.555996179550431124e+00 2.082996852907959440e+00
1.370000000000000000e+02 -3.710452428158720117e+00 4.967146341549748989e+00
1.360000000000000000e+02 -3.830144441970292135e+00 5.127376868696515544e+00
2.770000000000000000e+02 -3.411222393629791405e+00 4.566570023682833934e+00
2.720000000000000000e+02 -5.435101997350900049e+00 4.250843007968215126e+00
2.810000000000000000e+02 -4.568636461541336402e+00 3.573172383509513939e+00
1.150000000000000000e+02 1.132645034840715548e+00 4.561481691846485553e+00
1.300000000000000000e+02 1.156743865369241453e+00 4.658534493800665643e+00
2.780000000000000000e+02 -3.111992359100862249e+00 4.165993705815918879e+00
2.760000000000000000e+02 -5.268398289094282205e+00 -1.184896395246625600e+00
1.380000000000000000e+02 -2.333994269325646354e+00 3.124495279361938493e+00
2.940000000000000000e+02 -4.795299903910310135e+00 2.123648548083406362e-01
2.840000000000000000e+02 -1.376458158833073542e+00 1.842651062187809829e+00
2.530000000000000000e+02 -3.171838366006647814e+00 4.246108969389300825e+00
2.950000000000000000e+02 1.461563025021017648e+00 2.619891891641983772e+00
2.850000000000000000e+02 -1.795380207173574272e+00 2.403457907201491217e+00
2.550000000000000000e+02 -7.617251474195891880e-01 -1.519794328120948279e+00
2.890000000000000000e+02 2.289782072532927870e+00 4.104497296905774917e+00
2.570000000000000000e+02 -8.505983682183533290e-01 -4.215030535593339067e+00
2.630000000000000000e+02 2.874407282541334929e+00 5.152454053562568248e+00
1.920000000000000000e+02 -1.376458158833073542e+00 1.842651062187809829e+00
1.550000000000000000e+02 2.798401482627128622e+00 7.608870757413933594e-01
1.620000000000000000e+02 -9.692865126209143645e-01 -4.803174331257526575e+00
2.640000000000000000e+02 -5.658650014212376789e+00 -1.272666498598227447e+00
2.850000000000000000e+02 -1.795380207173574272e+00 2.403457907201491217e+00
1.850000000000000000e+02 4.921909753162524659e+00 8.802297323560570597e-01
1.880000000000000000e+02 -1.209798763548759482e+00 -2.413790991721506352e+00
1.840000000000000000e+02 -2.872608331477718657e+00 3.845532651522385770e+00
