1.080000000000000000e+02 -1.260313506632092739e+00 9.857027264853832627e-01
1.590000000000000000e+02 -2.693070310760361519e+00 3.605186860802236826e+00
1.430000000000000000e+02 -1.654161477454621831e+00 1.293734828512065560e+00
2.010000000000000000e+02 1.120531652516113530e+00 2.008583783592187366e+00
1.020000000000000000e+02 -1.344220848387510381e-01 2.681989990801673662e-01
1.120000000000000000e+02 8.675578990269311452e-01 3.493900870350499233e+00
1.560000000000000000e+02 -1.463443969192856020e+00 -3.291378875685070926e-01
1.330000000000000000e+02 -3.560644332076827734e-01 -1.764431386992560746e+00
1.520000000000000000e+02 9.743753500140117652e-01 1.746594594427989255e+00
9.800000000000000000e+01 -6.669380616522618821e-01 7.451131604793488350e-01
1.190000000000000000e+02 -1.316612151927287977e+00 1.762535798614427218e+00
2.020000000000000000e+02 4.080820618133919608e-01 9.129452507276276663e-01
2.030000000000000000e+02 -3.219576732224282978e+00 -7.241033526507155704e-01
9.900000000000000000e+01 9.843819506325048874e-01 1.760459464712114119e-01
1.050000000000000000e+02 -2.634199144547141103e+00 -5.924481976233128000e-01
1.000000000000000000e+02 -2.992300345289290675e+00 4.005763178669152325e+00
1.060000000000000000e+02 -2.146384488149522429e+00 -4.827355684338104358e-01
1.040000000000000000e+02 -3.136515312904190611e-01 -6.257976645203904287e-01
9.300000000000000000e+01 4.433234421604098641e-01 5.417234770905223762e-01
9.000000000000000000e+01 -7.181520828694296643e-01 9.613831628805964424e-01
1.210000000000000000e+02 -1.376458158833073542e+00 1.842651062187809829e+00
1.140000000000000000e+02 -1.582508592034145845e-01 -7.841917275522493069e-01
2.110000000000000000e+02 2.168894747567327863e-01 8.734752175876248081e-01
2.170000000000000000e+02 4.384689075063052943e-01 7.859675674925952205e-01
9.500000000000000000e+01 -1.792294464516680508e-01 3.575986654402231735e-01
1.010000000000000000e+02 -4.001628369913571293e-01 4.470678962876092899e-01
2.160000000000000000e+02 -4.878146563976186734e-01 -1.097126291895023642e-01
2.120000000000000000e+02 -3.758457906081095756e-01 -1.862455352936591924e+00
2.260000000000000000e+02 2.448492370880351598e-01 -5.477671504365765331e-01
2.210000000000000000e+02 -2.341510350708569721e+00 -5.266206201096113038e-01
1.310000000000000000e+02 -7.992166506517184299e-01 3.539414246805677039e-02
1.350000000000000000e+02 2.143625770030825883e+00 3.842508107741576584e+00
1.270000000000000000e+02 -4.787680552462865169e-01 6.409221085870644430e-01
2.380000000000000000e+02 1.071812885015412942e+00 1.921254053870788292e+00
2.350000000000000000e+02 -4.480736161291701269e-02 8.939966636005579337e-02
2.360000000000000000e+02 -1.344220848387510381e-01 2.681989990801673662e-01
1.290000000000000000e+02 2.067202096328260463e+00 3.696964875895439873e-01
2.320000000000000000e+02 4.384689075063052943e-01 7.859675674925952205e-01
1.720000000000000000e+02 -1.186881444025609245e-01 -5.881437956641869524e-01
2.510000000000000000e+02 -1.344220848387510381e-01 2.681989990801673662e-01
1.400000000000000000e+02 -7.181520828694296643e-01 9.613831628805964424e-01
2.470000000000000000e+02 1.378134730885506753e+00 2.464643250596959545e-01
2.430000000000000000e+02 -0.000000000000000000e+00 0.000000000000000000e+00
2.540000000000000000e+02 2.856574432693743670e-01 -6.390616755093393442e-01
2.440000000000000000e+02 4.921909753162524437e-01 8.802297323560570597e-02
2.480000000000000000e+02 -4.480736161291701269e-02 8.939966636005579337e-02
1.460000000000000000e+02 -3.024450869665235686e+00 -6.802183009749146470e-01
2.450000000000000000e+02 1.300000000000000044e+00 -0.000000000000000000e+00
2.590000000000000000e+02 1.461563025021017648e+00 2.619891891641983772e+00
2.620000000000000000e+02 3.897501400056047061e-01 6.986378377711957022e-01
2.660000000000000000e+02 -1.376458158833073542e+00 1.842651062187809829e+00
1.650000000000000000e+02 1.968763901265009775e+00 3.520918929424228239e-01
2.580000000000000000e+02 1.656438095023820001e+00 2.969210810527581845e+00
1.740000000000000000e+02 -2.678166201593196849e+00 2.094618293781439267e+00
1.680000000000000000e+02 2.582094677537130956e+00 4.628475675234171582e+00
2.520000000000000000e+02 -6.002442554870357494e-01 6.706018444314140181e-01
1.700000000000000000e+02 -3.956271480085364334e-01 -1.960479318880623101e+00
2.600000000000000000e+02 -6.993145693202535984e-01 3.096987465954967322e-02
1.750000000000000000e+02 3.937527802530019549e+00 7.041837858848456477e-01
2.680000000000000000e+02 -4.787680552462865169e-01 6.409221085870644430e-01
2.610000000000000000e+02 -1.615842186456216911e+00 2.163112116481342273e+00
1.690000000000000000e+02 5.542731021560948212e-01 2.232214444946152287e+00
2.790000000000000000e+02 1.559000560022418824e+00 2.794551351084782809e+00
2.730000000000000000e+02 1.802594397525921766e+00 3.231199999691780178e+00
2.710000000000000000e+02 2.650871358137845135e-01 1.067580821495985877e+00
1.370000000000000000e+02 -6.273030625808381222e-01 -1.251595329040780857e+00
1.360000000000000000e+02 -1.024004724138575462e+00 8.008834652693738176e-01
2.770000000000000000e+02 -3.584588929033361016e-01 -7.151973308804463469e-01
2.720000000000000000e+02 1.132645034840715548e+00 4.561481691846485553e+00
2.810000000000000000e+02 -2.835705389922208663e+00 2.217831134592112008e+00
1.150000000000000000e+02 3.248460437087266062e+00 5.809516233549976150e-01
1.300000000000000000e+02 -1.077228124304144607e+00 1.442074744320894775e+00
2.780000000000000000e+02 -1.792294464516680508e-01 3.575986654402231735e-01
2.760000000000000000e+02 -8.961472322583402539e-02 1.787993327201115867e-01
1.380000000000000000e+02 1.181258340759005820e+00 2.112551357654536832e-01
2.940000000000000000e+02 -1.792294464516680508e-01 3.575986654402231735e-01
2.840000000000000000e+02 -3.024450869665235686e+00 -6.802183009749146470e-01
2.530000000000000000e+02 6.121230927200879135e-01 -1.369417876091441499e+00
2.950000000000000000e+02 -1.853695694310950826e+00 -4.169079909201089396e-01
2.850000000000000000e+02 -1.316612151927287977e+00 1.762535798614427218e+00
2.550000000000000000e+02 3.132847968708362130e-01 1.261686425404346945e+00
2.890000000000000000e+02 1.519966087407119693e+00 1.857337635738933734e+00
2.570000000000000000e+02 -4.154085054089632911e-01 -2.058503284824654500e+00
2.630000000000000000e+02 -4.878146563976186734e+00 -1.097126291895023531e+00
1.920000000000000000e+02 -8.664655358095638693e-01 6.776706244587009653e-01
1.550000000000000000e+02 -8.003256739827142585e-01 8.941357925752185798e-01
1.620000000000000000e+02 1.157959234190536035e+00 3.148498244447144878e-01
2.640000000000000000e+02 -1.024004724138575462e+00 8.008834652693738176e-01
2.850000000000000000e+02 -1.316612151927287977e+00 1.762535798614427218e+00
1.850000000000000000e+02 1.084447373783663959e+00 4.367376087938124485e+00
1.880000000000000000e+02 4.337789495134655726e-01 1.746950435175249616e+00
1.840000000000000000e+02 -3.317139663503807068e+00 -7.460458784886160322e-01
