1.080000000000000000e+02 1.412844257520317059e+00 2.532562161920584476e+00
1.590000000000000000e+02 -3.590760414347148544e+00 4.806915814402982434e+00
1.430000000000000000e+02 -2.333994269325646354e+00 3.124495279361938493e+00
2.010000000000000000e+02 -1.087974657023475178e+00 -5.391318126921713194e+00
1.020000000000000000e+02 1.735115798053862290e+00 6.987801740700998465e+00
1.120000000000000000e+02 -1.615842186456216911e+00 2.163112116481342273e+00
1.560000000000000000e+02 -4.945339350106705556e-01 -2.450599148600778765e+00
1.330000000000000000e+02 -3.560644332076827734e-01 -1.764431386992560746e+00
1.520000000000000000e+02 -3.122013800944759776e+00 -7.021608268128152197e-01
9.800000000000000000e+01 -3.707391388621901651e+00 -8.338159818402178791e-01
1.190000000000000000e+02 -2.926887938385712040e+00 -6.582757751370141852e-01
2.020000000000000000e+02 -1.498531219971972028e+00 6.636401712760645055e-02
2.030000000000000000e+02 -1.698335382634901469e+00 7.521255274462064488e-02
9.900000000000000000e+01 1.084447373783663959e+00 4.367376087938124485e+00
1.050000000000000000e+02 -1.048411942222621462e+00 -5.195270195033651284e+00
1.000000000000000000e+02 -8.683100883877612475e+00 -1.952884799573142205e+00
1.060000000000000000e+02 -3.496572846601267770e+00 1.548493732977483661e-01
1.040000000000000000e+02 8.569723298081231011e-01 -1.917185026528018144e+00
9.300000000000000000e+01 6.937395050827662724e-01 1.552006926236966899e+00
9.000000000000000000e+01 2.825688515040634119e+00 5.065124323841168952e+00
1.210000000000000000e+02 4.080820618133919608e-01 9.129452507276276663e-01
1.140000000000000000e+02 -2.243947419429045631e+00 -5.046780942717108420e-01
2.110000000000000000e+02 -2.285175442258767564e+00 -4.559382984362844837e+00
2.170000000000000000e+02 -6.721104241937552182e-01 -1.340994995400836665e+00
9.500000000000000000e+01 -3.560644332076827734e-01 -1.764431386992560746e+00
1.010000000000000000e+02 -6.132220794132314801e-01 -3.038742944264965828e+00
2.160000000000000000e+02 -1.028630584822194827e+00 -5.097246229089620329e+00
2.120000000000000000e+02 -3.707391388621901651e+00 -8.338159818402178791e-01
2.260000000000000000e+02 -1.436304165738859329e+00 1.922766325761192885e+00
2.210000000000000000e+02 -5.934407220128046223e-01 -2.940718978320934873e+00
1.310000000000000000e+02 -5.736593646123777646e-01 -2.842695012376903474e+00
1.350000000000000000e+02 -3.471068400535576970e+00 4.646685287256216768e+00
1.270000000000000000e+02 -2.634199144547141103e+00 -5.924481976233128000e-01
2.380000000000000000e+02 -3.024450869665235686e+00 -6.802183009749146470e-01
2.350000000000000000e+02 -3.996083253258591927e+00 1.769707123402838589e-01
2.360000000000000000e+02 -5.736593646123777646e-01 -2.842695012376903474e+00
1.290000000000000000e+02 1.266687955018215295e+00 2.270572972756386143e+00
2.320000000000000000e+02 -2.634199144547141103e+00 -5.924481976233128000e-01
1.720000000000000000e+02 -4.249066490310791977e+00 5.688183713710196265e+00
2.510000000000000000e+02 -2.034764234796717641e+00 2.723918961495023439e+00
1.400000000000000000e+02 -2.513532290043003936e+00 3.364841070082087882e+00
2.470000000000000000e+02 -6.993145693202535984e-01 3.096987465954967322e-02
2.430000000000000000e+02 -4.487894838858091262e+00 -1.009356188543421684e+00
2.540000000000000000e+02 -2.872608331477718657e+00 3.845532651522385770e+00
2.440000000000000000e+02 1.773293768641639456e+00 -2.166893908362089505e+00
2.480000000000000000e+02 1.329970326481229703e+00 -1.625170431271567129e+00
1.460000000000000000e+02 -2.536636213267617013e+00 -5.705056717854123383e-01
2.450000000000000000e+02 -2.274148262419860789e+00 3.044380015788555660e+00
2.590000000000000000e+02 1.753875630025221177e+00 3.143870269970380882e+00
2.620000000000000000e+02 -2.752916317666147084e+00 3.685302124375619659e+00
2.660000000000000000e+02 1.559000560022418824e+00 2.794551351084782809e+00
1.650000000000000000e+02 -1.735534200267788485e+00 2.323342643628108384e+00
2.580000000000000000e+02 -2.733249058387937414e+00 -5.453379647963402910e+00
1.740000000000000000e+02 1.364125490019616471e+00 2.445232432199184736e+00
1.680000000000000000e+02 -1.087974657023475178e+00 -5.391318126921713194e+00
2.520000000000000000e+02 1.364125490019616471e+00 2.445232432199184736e+00
1.700000000000000000e+02 2.192344537531526250e+00 3.929837837462975880e+00
2.600000000000000000e+02 -2.154456248608289215e+00 2.884149488641789549e+00
1.750000000000000000e+02 -4.883714838199359143e+00 3.819598065130859865e+00
2.680000000000000000e+02 1.900031932527322942e+00 3.405859459134578771e+00
2.610000000000000000e+02 -2.731762075826664304e+00 -6.143907234612131507e-01
1.690000000000000000e+02 1.656438095023820001e+00 2.969210810527581845e+00
2.790000000000000000e+02 1.559000560022418824e+00 2.794551351084782809e+00
2.730000000000000000e+02 -1.969239854112645016e+00 1.540160510133411265e+00
2.710000000000000000e+02 1.364125490019616471e+00 2.445232432199184736e+00
1.370000000000000000e+02 -2.333994269325646354e+00 3.124495279361938493e+00
1.360000000000000000e+02 1.656438095023820001e+00 2.969210810527581845e+00
2.770000000000000000e+02 -1.316612151927287977e+00 1.762535798614427218e+00
2.720000000000000000e+02 2.143625770030825883e+00 3.842508107741576584e+00
2.810000000000000000e+02 1.656438095023820001e+00 2.969210810527581845e+00
1.150000000000000000e+02 -1.028991437714087454e+01 4.556995842762309734e-01
1.300000000000000000e+02 -8.901610830192069335e-01 -4.411078467481401866e+00
2.780000000000000000e+02 -2.048009448277150923e+00 1.601766930538747635e+00
2.760000000000000000e+02 -2.932454338383504666e+00 3.925647915095769491e+00
1.380000000000000000e+02 -8.110356534174996135e-01 -4.018982603705277157e+00
2.940000000000000000e+02 -7.912542960170728668e-01 -3.920958637761246202e+00
2.840000000000000000e+02 2.533375910036430589e+00 4.541145945512772286e+00
2.530000000000000000e+02 1.607719327523119413e+00 2.881881080806182105e+00
2.950000000000000000e+02 1.510281792521718236e+00 2.707221621363383512e+00
2.850000000000000000e+02 -3.317139663503807068e+00 -7.460458784886160322e-01
2.550000000000000000e+02 -2.048821556869998339e+00 -4.607930425959099741e-01
2.890000000000000000e+02 2.700000000000000178e+00 -0.000000000000000000e+00
2.570000000000000000e+02 -5.268398289094282205e+00 -1.184896395246625600e+00
2.630000000000000000e+02 -1.075376678710008305e+00 -2.145591992641338930e+00
1.920000000000000000e+02 2.168894747567327863e-01 8.734752175876248081e-01
1.550000000000000000e+02 3.087891291174762909e+00 8.395995318525720785e-01
1.620000000000000000e+02 -2.105945995807099624e+00 -4.201784318922622496e+00
2.640000000000000000e+02 -2.573378296948789501e+00 3.444956333655470715e+00
2.850000000000000000e+02 -3.317139663503807068e+00 -7.460458784886160322e-01
1.850000000000000000e+02 4.626595167972773481e+00 8.274159484146936805e-01
1.880000000000000000e+02 -3.696377009264197877e+00 1.636979089147625743e-01
1.840000000000000000e+02 -3.471068400535576970e+00 4.646685287256216768e+00
