1.080000000000000000e+02 -1.417852694961104332e+00 1.108915567296056004e+00
1.590000000000000000e+02 -2.154456248608289215e+00 2.884149488641789549e+00
1.430000000000000000e+02 -2.048009448277150923e+00 1.601766930538747635e+00
2.010000000000000000e+02 -2.678166201593196849e+00 2.094618293781439267e+00
1.020000000000000000e+02 -3.956271480085364334e-01 -1.960479318880623101e+00
1.120000000000000000e+02 1.325435679068922568e+00 5.337904107479928939e+00
1.560000000000000000e+02 -1.073192244074761215e+00 -2.413677842169052179e-01
1.330000000000000000e+02 -2.571576462055487067e-01 -1.274311557272405082e+00
1.520000000000000000e+02 7.470637463843018411e-01 3.008636860579596561e+00
9.800000000000000000e+01 6.890673654427533767e-01 1.232321625298479773e-01
1.190000000000000000e+02 1.181258340759005820e+00 2.112551357654536832e-01
2.020000000000000000e+02 1.279696535822256287e+00 2.288597304125748466e-01
2.030000000000000000e+02 -6.923475090149388000e-01 -3.430838808041090537e+00
9.900000000000000000e+01 7.875055605060039543e-01 1.408367571769691406e-01
1.050000000000000000e+02 -1.951258625590474693e+00 -4.388505167580094568e-01
1.000000000000000000e+02 -1.137074131209930394e+00 1.522190007894277830e+00
1.060000000000000000e+02 -1.073192244074761215e+00 -2.413677842169052179e-01
1.040000000000000000e+02 -3.165017184068291689e-01 -1.568383455104498614e+00
9.300000000000000000e+01 -4.480736161291701269e-01 -8.939966636005578504e-01
9.000000000000000000e+01 -8.378440966810012380e-01 1.121613690027362553e+00
1.210000000000000000e+02 -1.344220848387510381e-01 2.681989990801673662e-01
1.140000000000000000e+02 -2.571576462055487067e-01 -1.274311557272405082e+00
2.110000000000000000e+02 -1.344220848387510381e-01 2.681989990801673662e-01
2.170000000000000000e+02 -4.726175649870347772e-01 3.696385224320186680e-01
9.500000000000000000e+01 3.799915218517799231e-01 4.643344089347334336e-01
1.010000000000000000e+02 3.264656494507136020e-01 -7.303562005821021552e-01
2.160000000000000000e+02 3.799915218517799231e-01 -4.643344089347334336e-01
2.120000000000000000e+02 -1.792294464516680508e-01 3.575986654402231735e-01
2.260000000000000000e+02 -8.961472322583402539e-02 1.787993327201115867e-01
2.210000000000000000e+02 7.599830437035598463e-01 9.286688178694668672e-01
1.310000000000000000e+02 -5.386140621520723037e-01 7.210373721604473873e-01
1.350000000000000000e+02 -3.650606421252934108e+00 4.887031077976365268e+00
1.270000000000000000e+02 -8.961472322583402539e-02 1.787993327201115867e-01
2.380000000000000000e+02 2.891859663423103632e-01 1.164633623450166411e+00
2.350000000000000000e+02 6.999999999999999556e-01 -0.000000000000000000e+00
2.360000000000000000e+02 -1.792294464516680508e-01 3.575986654402231735e-01
1.290000000000000000e+02 -5.335504493218095057e-01 5.960905283834790902e-01
2.320000000000000000e+02 -9.575361104925730338e-01 1.281844217174128886e+00
1.720000000000000000e+02 5.699872827776698569e-01 -6.965016134021001504e-01
2.510000000000000000e+02 -1.344220848387510381e-01 2.681989990801673662e-01
1.400000000000000000e+02 -0.000000000000000000e+00 0.000000000000000000e+00
2.470000000000000000e+02 3.132847968708362130e-01 1.261686425404346945e+00
2.430000000000000000e+02 -0.000000000000000000e+00 0.000000000000000000e+00
2.540000000000000000e+02 3.410313725049041178e-01 6.113081080497961839e-01
2.440000000000000000e+02 -1.344220848387510381e-01 2.681989990801673662e-01
2.480000000000000000e+02 -1.792294464516680508e-01 3.575986654402231735e-01
1.460000000000000000e+02 -1.582508592034145845e-01 -7.841917275522493069e-01
2.450000000000000000e+02 4.433234421604098641e-01 -5.417234770905223762e-01
2.590000000000000000e+02 -1.658569831751903534e+00 -3.730229392443080161e-01
2.620000000000000000e+02 -2.274148262419860789e+00 3.044380015788555660e+00
2.660000000000000000e+02 -1.137074131209930394e+00 1.522190007894277830e+00
1.650000000000000000e+02 1.771887511138508842e+00 3.168827036481805526e-01
2.580000000000000000e+02 1.948750700028023530e+00 3.493189188855978511e+00
1.740000000000000000e+02 1.607719327523119413e+00 2.881881080806182105e+00
1.680000000000000000e+02 2.533375910036430589e+00 4.541145945512772286e+00
2.520000000000000000e+02 -1.344220848387510381e-01 2.681989990801673662e-01
1.700000000000000000e+02 -3.956271480085364334e-01 -1.960479318880623101e+00
2.600000000000000000e+02 -1.344220848387510381e-01 2.681989990801673662e-01
1.750000000000000000e+02 6.398482679111281435e+00 1.144298652062874178e+00
2.680000000000000000e+02 -9.990208133146479819e-01 4.424267808507096472e-02
2.610000000000000000e+02 -0.000000000000000000e+00 0.000000000000000000e+00
1.690000000000000000e+02 7.711625769128276353e-01 3.105689662533777096e+00
2.790000000000000000e+02 1.266687955018215295e+00 2.270572972756386143e+00
2.730000000000000000e+02 -3.544631737402760940e+00 2.772288918240140010e+00
2.710000000000000000e+02 -1.024004724138575462e+00 8.008834652693738176e-01
1.370000000000000000e+02 -1.077228124304144607e+00 1.442074744320894775e+00
1.360000000000000000e+02 6.333439775091076474e-01 1.135286486378193072e+00
2.770000000000000000e+02 1.157959234190536035e+00 3.148498244447144878e-01
2.720000000000000000e+02 -3.387092549073749126e+00 2.649076077429467269e+00
2.810000000000000000e+02 1.607719327523119413e+00 2.881881080806182105e+00
1.150000000000000000e+02 3.264656494507136020e-01 7.303562005821021552e-01
1.300000000000000000e+02 -9.575361104925730338e-01 1.281844217174128886e+00
2.780000000000000000e+02 -4.480736161291701269e-02 8.939966636005579337e-02
2.760000000000000000e+02 -4.480736161291701269e-02 8.939966636005579337e-02
1.380000000000000000e+02 -7.876959416450579621e-01 6.160642040533644836e-01
2.940000000000000000e+02 -3.024450869665235686e+00 -6.802183009749146470e-01
2.840000000000000000e+02 -8.670194801479405022e-01 9.686471086231535077e-01
2.530000000000000000e+02 -1.000407092478392768e+00 1.117669740719023252e+00
2.950000000000000000e+02 -2.439073281988093367e+00 -5.485631459475117655e-01
2.850000000000000000e+02 -1.384695018029877545e-01 -6.861677616082180187e-01
2.550000000000000000e+02 3.855812884564138177e-01 1.552844831266888548e+00
2.890000000000000000e+02 -4.878146563976186734e-01 -1.097126291895023642e-01
2.570000000000000000e+02 8.684694256429019710e-01 2.361373683335359075e-01
2.630000000000000000e+02 1.575011121012007909e+00 2.816735143539382813e-01
1.920000000000000000e+02 -1.344220848387510381e-01 2.681989990801673662e-01
1.550000000000000000e+02 -0.000000000000000000e+00 0.000000000000000000e+00
1.620000000000000000e+02 2.856574432693743670e-01 -6.390616755093393442e-01
2.640000000000000000e+02 -1.186881444025609245e-01 -5.881437956641869524e-01
2.850000000000000000e+02 -1.384695018029877545e-01 -6.861677616082180187e-01
1.850000000000000000e+02 4.331280582783021416e+00 7.746021644733303013e-01
1.880000000000000000e+02 1.329970326481229703e+00 1.625170431271567129e+00
1.840000000000000000e+02 -3.512265526062854359e+00 -7.899309301644170667e-01
