1.080000000000000000e+02 -3.804954319901425741e+00 -8.557585076781184519e-01
1.590000000000000000e+02 -1.285788231027743311e+00 -6.371557786362025411e+00
1.430000000000000000e+02 2.874407282541334929e+00 5.152454053562568248e+00
2.010000000000000000e+02 -4.390331907578568504e+00 -9.874136627055212223e-01
1.020000000000000000e+02 1.952005272810594771e+00 7.861276958288622829e+00
1.120000000000000000e+02 -3.530914407441362979e+00 4.726800550829599601e+00
1.560000000000000000e+02 -2.243947419429045631e+00 -5.046780942717108420e-01
1.330000000000000000e+02 -3.096964521275408888e+00 1.371523020637200052e-01
1.520000000000000000e+02 -3.707391388621901651e+00 -8.338159818402178791e-01
9.800000000000000000e+01 2.046188235029424707e+00 3.667848648298777547e+00
1.190000000000000000e+02 -3.530914407441362979e+00 4.726800550829599601e+00
2.020000000000000000e+02 -3.308322954909243663e+00 2.587469657024131120e+00
2.030000000000000000e+02 -9.692865126209143645e-01 -4.803174331257526575e+00
9.900000000000000000e+01 8.434590684984052400e-01 3.396848068396318698e+00
1.050000000000000000e+02 -6.048901739330471372e+00 -1.360436601949829294e+00
1.000000000000000000e+02 -5.086910586991793437e+00 6.809797403737558597e+00
1.060000000000000000e+02 -3.601465532922214496e+00 4.023611066588483887e+00
1.040000000000000000e+02 2.776969747539933753e+00 4.977794594119769656e+00
9.300000000000000000e+01 -5.658650014212376789e+00 -1.272666498598227447e+00
9.000000000000000000e+01 -2.934527471269952503e+00 3.278497906109135052e+00
1.210000000000000000e+02 -4.975709495255710380e+00 -1.119068817732923993e+00
1.140000000000000000e+02 -3.024450869665235686e+00 -6.802183009749146470e-01
2.110000000000000000e+02 -2.016331272581265655e+00 -4.022984986202509994e+00
2.170000000000000000e+02 3.609919457591909353e+00 4.411176884879967730e+00
9.500000000000000000e+01 -2.333994269325646354e+00 3.124495279361938493e+00
1.010000000000000000e+02 -6.330034368136583378e-01 -3.136766910208997228e+00
2.160000000000000000e+02 -2.373762888051218489e-01 -1.176287591328373905e+00
2.120000000000000000e+02 -2.393840276231432362e+00 3.204610542935321771e+00
2.260000000000000000e+02 -1.496150172644645338e+00 2.002881589334576162e+00
2.210000000000000000e+02 -4.780583632696663088e+00 -1.075183766057123291e+00
1.310000000000000000e+02 -2.634199144547141103e+00 -5.924481976233128000e-01
1.350000000000000000e+02 -3.171838366006647814e+00 4.246108969389300825e+00
1.270000000000000000e+02 -3.902517251180949387e+00 -8.777010335160189136e-01
2.380000000000000000e+02 -3.414702594783330714e+00 -7.679884043265166049e-01
2.350000000000000000e+02 -5.934407220128046223e-01 -2.940718978320934873e+00
2.360000000000000000e+02 -7.516915812162191513e-01 -3.724910705873183847e+00
1.290000000000000000e+02 1.012150882198086244e+00 4.076217682075582438e+00
2.320000000000000000e+02 -2.034764234796717641e+00 2.723918961495023439e+00
1.720000000000000000e+02 -1.615842186456216911e+00 2.163112116481342273e+00
2.510000000000000000e+02 -4.549712202098168401e-01 -2.254551216712716410e+00
1.400000000000000000e+02 1.705156862524520589e+00 3.056540540248981142e+00
2.470000000000000000e+02 -1.433835571613344406e+00 -2.860789323521785388e+00
2.430000000000000000e+02 -1.915072220985146068e+00 2.563688434348257772e+00
2.540000000000000000e+02 -3.317139663503807068e+00 -7.460458784886160322e-01
2.440000000000000000e+02 1.266687955018215295e+00 2.270572972756386143e+00
2.480000000000000000e+02 -8.308170108179265823e-01 -4.117006569649309000e+00
1.460000000000000000e+02 -1.795380207173574272e+00 2.403457907201491217e+00
2.450000000000000000e+02 -1.974918227890931632e+00 2.643803697921640161e+00
2.590000000000000000e+02 -3.111992359100862249e+00 4.165993705815918879e+00
2.620000000000000000e+02 -4.292768976299044859e+00 -9.654711368676208716e-01
2.660000000000000000e+02 -3.530914407441362979e+00 4.726800550829599601e+00
1.650000000000000000e+02 -4.096018896554301847e+00 3.203533861077495271e+00
2.580000000000000000e+02 2.435938375035029413e+00 4.366486486069972806e+00
1.740000000000000000e+02 2.143625770030825883e+00 3.842508107741576584e+00
1.680000000000000000e+02 -3.889990448876077700e+00 5.207492132269897489e+00
2.520000000000000000e+02 9.743753500140117652e-01 1.746594594427989255e+00
1.700000000000000000e+02 3.410313725049041178e+00 6.113081080497962283e+00
2.600000000000000000e+02 -1.974918227890931632e+00 2.643803697921640161e+00
1.750000000000000000e+02 -3.859710114060784125e+00 3.018714599861486381e+00
2.680000000000000000e+02 1.705156862524520589e+00 3.056540540248981142e+00
2.610000000000000000e+02 -3.072014172415725941e+00 2.402650395808121342e+00
1.690000000000000000e+02 -3.702170925731772755e+00 2.895501759050813195e+00
2.790000000000000000e+02 -1.890470259948139109e+00 1.478554089728074672e+00
2.730000000000000000e+02 -2.599396607428690942e+00 2.033011873376102674e+00
2.710000000000000000e+02 -4.895201985241775411e+00 2.167891226168477403e-01
1.370000000000000000e+02 -3.171838366006647814e+00 4.246108969389300825e+00
1.360000000000000000e+02 -4.487894838858091262e+00 -1.009356188543421684e+00
2.770000000000000000e+02 -4.390331907578568504e+00 -9.874136627055212223e-01
2.720000000000000000e+02 -6.144028344831451882e+00 4.805300791616242684e+00
2.810000000000000000e+02 -4.489866867376830939e+00 3.511565963104177790e+00
1.150000000000000000e+02 -1.285788231027743311e+00 -6.371557786362025411e+00
1.300000000000000000e+02 -8.110356534174996135e-01 -4.018982603705277157e+00
2.780000000000000000e+02 -2.992300345289290675e+00 4.005763178669152325e+00
2.760000000000000000e+02 -3.231684372912433822e+00 4.326224232962684546e+00
1.380000000000000000e+02 2.094907002530125073e+00 3.755178378020176844e+00
2.940000000000000000e+02 2.723272573271089403e+00 -3.327729930698922978e+00
2.840000000000000000e+02 -4.683020701417139442e+00 -1.053241240219222608e+00
2.530000000000000000e+02 3.361594957548340812e+00 6.025751350776562987e+00
2.950000000000000000e+02 -4.351898628093900934e-01 -2.156527250768685455e+00
2.850000000000000000e+02 -2.536636213267617013e+00 -5.705056717854123383e-01
2.550000000000000000e+02 1.013310724938079721e+00 -1.238225090492622638e+00
2.890000000000000000e+02 5.315662533415526525e+00 9.506481109445417133e-01
2.570000000000000000e+02 -1.048411942222621462e+00 -5.195270195033651284e+00
2.630000000000000000e+02 -1.974918227890931632e+00 2.643803697921640161e+00
1.920000000000000000e+02 -2.829325007106188394e+00 -6.363332492991137235e-01
1.550000000000000000e+02 4.535340333912932564e+00 1.233161812408465341e+00
1.620000000000000000e+02 -9.692865126209143645e-01 -4.803174331257526575e+00
2.640000000000000000e+02 -2.693070310760361519e+00 3.605186860802236826e+00
2.850000000000000000e+02 -2.536636213267617013e+00 -5.705056717854123383e-01
1.850000000000000000e+02 5.020347948225774459e+00 8.978343270031781120e-01
1.880000000000000000e+02 -3.096964521275408888e+00 1.371523020637200052e-01
1.840000000000000000e+02 -3.291530379818219387e+00 4.406339496536067379e+00
