1.850000000000000000e+02 6.500000000000000000e+01
1.160000000000000000e+02 1.060000000000000000e+02
1.600000000000000000e+02 9.100000000000000000e+01
1.430000000000000000e+02 9.100000000000000000e+01
2.730000000000000000e+02 8.600000000000000000e+01
1.020000000000000000e+02 1.310000000000000000e+02
1.080000000000000000e+02 7.000000000000000000e+01
9.000000000000000000e+01 1.100000000000000000e+02
1.190000000000000000e+02 6.800000000000000000e+01
1.360000000000000000e+02 7.100000000000000000e+01
5.010000000000000000e+02 9.200000000000000000e+01
1.210000000000000000e+02 6.700000000000000000e+01
1.150000000000000000e+02 6.300000000000000000e+01
1.520000000000000000e+02 7.200000000000000000e+01
1.300000000000000000e+02 5.400000000000000000e+01
1.460000000000000000e+02 7.900000000000000000e+01
2.680000000000000000e+02 4.500000000000000000e+01
1.920000000000000000e+02 7.800000000000000000e+01
1.350000000000000000e+02 7.800000000000000000e+01
1.690000000000000000e+02 6.900000000000000000e+01
